<Hierarchy>:
	<Frame>: 0 0 Floor_Cross_A stage3
		<Mesh>: 20 Floor_Cross_A
			<Bounds>: -1 -0.1000001 -0.9999999 1 0.09999999 1
			<Positions>: 20 -2 -7.629396E-08 7.629394E-08 0 -7.629396E-08 7.629394E-08 0 -7.629396E-08 -2 -2 -7.629396E-08 -2 -2 -7.629396E-08 -2 -2 -0.2 -2 -2 -0.2 7.629394E-08 -2 -7.629396E-08 7.629394E-08 0 -7.629396E-08 7.629394E-08 0 -0.2 7.629394E-08 0 -0.2 -2 0 -7.629396E-08 -2 -2 -7.629396E-08 7.629394E-08 -2 -0.2 7.629394E-08 0 -0.2 7.629394E-08 0 -7.629396E-08 7.629394E-08 0 -7.629396E-08 -2 0 -0.2 -2 -2 -0.2 -2 -2 -7.629396E-08 -2  
			<TextureCoords0>: 20 0.9117815 0.912158 0.09269436 0.912158 0.09269436 0.09307098 0.9117815 0.09307098 0.9175914 0.1027757 0.9995 0.1027757 0.9995 0.9218626 0.9175914 0.9218626 0.8195869 0.005352318 0.8195869 0.08726096 0.0005 0.08726096 0.0005 0.005352318 0.8244395 0.9175913 0.8244395 0.9995 0.00535233 0.9995 0.00535233 0.9175913 0.0005 0.09307075 0.08240867 0.09307075 0.08240872 0.912158 0.0005000391 0.912158  
			<TextureCoords1>: 0  
			<Normals>: 20 0 1 0 0 1 0 0 1 0 0 1 0 -1 0 0 -1 0 0 -1 0 0 -1 0 0 1 0 0 1 0 0 1 0 0 1 0 0 0 0 1 0 0 1 0 0 1 0 0 1 0 0 -1 0 0 -1 0 0 -1 0 0 -1  
			<SubMeshes>: 1
				<SubMesh>:  30 0 1 2 0 2 3 4 5 6 4 6 7 8 9 10 8 10 11 12 13 14 12 14 15 16 17 18 16 18 19  
		</Mesh>
		<Children>: 0
	</Frame>
</Hierarchy>
