<Hierarchy>:
	<Frame>: 0 0 test null
		<Children>: 2
			<Frame>: 1 0 Armature test
				<Children>: 1
					<Frame>: 2 0 Bone001 Armature
						<Children>: 1
							<Frame>: 3 0 Bone002 Bone001
								<Children>: 1
									<Frame>: 4 0 Bone003 Bone002
										<Children>: 0
									</Frame>
							</Frame>
					</Frame>
			</Frame>
			<Frame>: 5 0 Box001 test
				<SkinningInfo>: Box001
					<BonesPerVertex>: 4
					<BoneNames>: 3 Bone001 Bone002 Bone003  
<BoneHierarchy>: 3 -1 0 1
					<BoneOffsets>: 3 8.941855E-08 -1.89038E-07 1 0 -0.4892519 0.8721429 2.086163E-07 0 -0.8721429 -0.4892519 -1.450144E-08 0 -0.1705478 -0.08901828 -1.525999E-09 1 -6.131456E-08 1.395899E-06 1 0 0.9999216 0.0125385 4.380726E-08 0 -0.0125385 0.9999214 -1.396558E-06 0 -0.2262677 -0.229348 3.122846E-07 1 -6.131452E-08 1.395905E-06 1 0 0.9999216 0.01253847 4.380719E-08 0 -0.01253847 0.9999214 -1.396564E-06 0 0.5883896 -0.2293481 3.266321E-07 1  
					<BoneIndices>: 32 1 0 0 0 1 0 0 0 1 0 0 0 1 0 0 0 1 0 0 0 1 0 0 0 1 0 0 0 1 0 0 0 1 0 0 0 1 0 0 0 1 0 0 0 1 0 0 0 1 0 0 0 1 0 0 0 1 0 0 0 1 0 0 0 1 0 0 0 1 0 0 0 1 0 0 0 1 0 0 0 1 0 0 0 1 0 0 0 1 0 0 0 1 0 0 0 1 0 0 0 1 0 0 0 1 0 0 0 1 0 0 0 1 0 0 0 1 0 0 0 1 0 0 0 1 0 0 0  
					<BoneWeights>: 32 1 0 0 0 1 0 0 0 1 0 0 0 1 0 0 0 1 0 0 0 1 0 0 0 1 0 0 0 1 0 0 0 1 0 0 0 1 0 0 0 1 0 0 0 1 0 0 0 1 0 0 0 1 0 0 0 1 0 0 0 1 0 0 0 1 0 0 0 1 0 0 0 1 0 0 0 1 0 0 0 1 0 0 0 1 0 0 0 1 0 0 0 1 0 0 0 1 0 0 0 1 0 0 0 1 0 0 0 1 0 0 0 1 0 0 0 1 0 0 0 1 0 0 0 1 0 0 0  
				</SkinningInfo>
				<Mesh>: 32 Box001
					<Bounds>: 0 -0.1794429 0.2344779 0.2344779 0.4139208 0.2344779
					<Positions>: 32 0.2344779 -0.2344779 0 0 -0.5933638 0.2344779 -0.2344779 -0.2344779 0 -0.2344779 -0.2344779 0 0 -0.5933638 0.2344779 -0.2344779 -0.2344779 0.4689558 -0.2344779 -0.2344779 0.4689558 0 -0.5933638 0.2344779 0.2344779 -0.2344779 0.4689558 0.2344779 -0.2344779 0.4689558 0 -0.5933638 0.2344779 0.2344779 -0.2344779 0 0.2344779 -0.2344779 0 -0.2344779 -0.2344779 0 -0.2344779 0.2344779 0 0.2344779 0.2344779 0 0.2344779 -0.2344779 0.4689558 0.2344779 0.2344779 0.4689558 -0.2344779 0.2344779 0.4689558 -0.2344779 -0.2344779 0.4689558 -0.2344779 -0.2344779 0 -0.2344779 -0.2344779 0.4689558 -0.2344779 0.2344779 0.4689558 -0.2344779 0.2344779 0 -0.2344779 0.2344779 0 -0.2344779 0.2344779 0.4689558 0.2344779 0.2344779 0.4689558 0.2344779 0.2344779 0 0.2344779 0.2344779 0 0.2344779 0.2344779 0.4689558 0.2344779 -0.2344779 0.4689558 0.2344779 -0.2344779 0  
					<TextureCoords0>: 32 0 1 0.5 0.5 1 1 1 1 0.5 0.5 1 0 1 0 0.5 0.5 0 0 0 0 0.5 0.5 0 1 1 1 0 1 0 0 1 0 0 1 0 0 1 0 1 1 0 1 0 0 1 0 1 1 0 1 0 0 1 0 1 1 0 1 0 0 1 0 1 1  
					<TextureCoords1>: 0  
					<Normals>: 32 0 -0.5469581 -0.8371599 0 -0.5469581 -0.8371599 0 -0.5469581 -0.8371599 -0.8371599 -0.5469581 0 -0.8371599 -0.5469581 0 -0.8371599 -0.5469581 0 0 -0.5469581 0.8371599 0 -0.5469581 0.8371599 0 -0.5469581 0.8371599 0.8371599 -0.5469581 0 0.8371599 -0.5469581 0 0.8371599 -0.5469581 0 0 0 -1 0 0 -1 0 0 -1 0 0 -1 0 0 1 0 0 1 0 0 1 0 0 1 -1 0 0 -1 0 0 -1 0 0 -1 0 0 0 1 0 0 1 0 0 1 0 0 1 0 1 0 0 1 0 0 1 0 0 1 0 0  
					<SubMeshes>: 1
						<SubMesh>:  42 0 1 2 3 4 5 6 7 8 9 10 11 12 13 14 12 14 15 16 17 18 16 18 19 20 21 22 20 22 23 24 25 26 24 26 27 28 29 30 28 30 31  
				</Mesh>
				<Children>: 0
			</Frame>
	</Frame>
</Hierarchy>
<Animation>:
	<AnimationSets>: 8
		<FrameNames>: 6 test Armature Bone001 Bone002 Bone003 Box001  
		<AnimationSet>: 0 Armature|ArmatureAction 0.6333333 30 19
			<Transforms>: 0 0 0 0 0 1 1 1 0 0 0 1 0 0 0 2.54 2.54 2.54 -3.774895E-08 0 0 1 -5.169836E-11 0.00770565 -0.001182719 1 0.9999999 1 0.6101746 -0.3573333 0.6101745 -0.3573332 -0.2985092 0.1019141 3.875396E-08 1 1 1 7.405545E-08 -3.654001E-08 0.8597319 0.5107456 -0.8146572 4.947185E-08 -1.434593E-08 1 1 1 9.978129E-15 -1.748601E-14 -4.65661E-10 1 -1.443823E-15 0.508 -0.0177468 2.54 2.54 2.54 -0.7071068 8.733639E-16 2.943919E-17 0.7071067  
			<Transforms>: 1 0.03333334 0 0 0 1 1 1 0 0 0 1 0 0 0 2.54 2.54 2.54 -3.774895E-08 0 0 1 -5.169836E-11 0.00770565 -0.001182719 1 0.9999999 1 0.6101746 -0.3573333 0.6101745 -0.3573332 -0.3044144 0.09860142 3.875396E-08 1 1 1 7.405545E-08 -3.654001E-08 0.8597319 0.5107456 -0.8146572 4.947185E-08 -1.434593E-08 1 1 1 9.978129E-15 -1.748601E-14 -4.65661E-10 1 -1.443823E-15 0.508 -0.0177468 2.54 2.54 2.54 -0.7071068 8.733639E-16 2.943919E-17 0.7071067  
			<Transforms>: 2 0.06666667 0 0 0 1 1 1 0 0 0 1 0 0 0 2.54 2.54 2.54 -3.774895E-08 0 0 1 -5.169836E-11 0.00770565 -0.001182719 1 0.9999999 1 0.6101746 -0.3573333 0.6101745 -0.3573332 -0.3202403 0.08972342 3.875396E-08 1 1 1 7.405545E-08 -3.654001E-08 0.8597319 0.5107456 -0.8146572 4.947185E-08 -1.434593E-08 1 1 1 9.978129E-15 -1.748601E-14 -4.65661E-10 1 -1.443823E-15 0.508 -0.0177468 2.54 2.54 2.54 -0.7071068 8.733639E-16 2.943919E-17 0.7071067  
			<Transforms>: 3 0.1 0 0 0 1 1 1 0 0 0 1 0 0 0 2.54 2.54 2.54 -3.774895E-08 0 0 1 -5.169836E-11 0.00770565 -0.001182719 1 0.9999999 1 0.6101746 -0.3573333 0.6101745 -0.3573332 -0.3431526 0.0768702 3.875396E-08 1 1 1 7.405545E-08 -3.654001E-08 0.8597319 0.5107456 -0.8146572 4.947185E-08 -1.434593E-08 1 1 1 9.978129E-15 -1.748601E-14 -4.65661E-10 1 -1.443823E-15 0.508 -0.0177468 2.54 2.54 2.54 -0.7071068 8.733639E-16 2.943919E-17 0.7071067  
			<Transforms>: 4 0.1333333 0 0 0 1 1 1 0 0 0 1 0 0 0 2.54 2.54 2.54 -3.774895E-08 0 0 1 -5.169836E-11 0.00770565 -0.001182719 1 0.9999999 1 0.6101746 -0.3573333 0.6101745 -0.3573332 -0.370684 0.06142572 3.875396E-08 1 1 1 7.405545E-08 -3.654001E-08 0.8597319 0.5107456 -0.8146572 4.947185E-08 -1.434593E-08 1 1 1 9.978129E-15 -1.748601E-14 -4.65661E-10 1 -1.443823E-15 0.508 -0.0177468 2.54 2.54 2.54 -0.7071068 8.733639E-16 2.943919E-17 0.7071067  
			<Transforms>: 5 0.1666667 0 0 0 1 1 1 0 0 0 1 0 0 0 2.54 2.54 2.54 -3.774895E-08 0 0 1 -5.169836E-11 0.00770565 -0.001182719 1 0.9999999 1 0.6101746 -0.3573333 0.6101745 -0.3573332 -0.3985303 0.04580456 3.875396E-08 1 1 1 7.405545E-08 -3.654001E-08 0.8597319 0.5107456 -0.8146572 4.947185E-08 -1.434593E-08 1 1 1 9.978129E-15 -1.748601E-14 -4.65661E-10 1 -1.443823E-15 0.508 -0.0177468 2.54 2.54 2.54 -0.7071068 8.733639E-16 2.943919E-17 0.7071067  
			<Transforms>: 6 0.2 0 0 0 1 1 1 0 0 0 1 0 0 0 2.54 2.54 2.54 -3.774895E-08 0 0 1 -5.169836E-11 0.00770565 -0.001182719 1 0.9999999 1 0.6101746 -0.3573333 0.6101745 -0.3573332 -0.4260617 0.0303601 3.875396E-08 1 1 1 7.405545E-08 -3.654001E-08 0.8597319 0.5107456 -0.8146572 4.947185E-08 -1.434593E-08 1 1 1 9.978129E-15 -1.748601E-14 -4.65661E-10 1 -1.443823E-15 0.508 -0.0177468 2.54 2.54 2.54 -0.7071068 8.733639E-16 2.943919E-17 0.7071067  
			<Transforms>: 7 0.2333333 0 0 0 1 1 1 0 0 0 1 0 0 0 2.54 2.54 2.54 -3.774895E-08 0 0 1 -5.169836E-11 0.00770565 -0.001182719 1 0.9999999 1 0.6101746 -0.3573333 0.6101745 -0.3573332 -0.4489739 0.01750685 3.875396E-08 1 1 1 7.405545E-08 -3.654001E-08 0.8597319 0.5107456 -0.8146572 4.947185E-08 -1.434593E-08 1 1 1 9.978129E-15 -1.748601E-14 -4.65661E-10 1 -1.443823E-15 0.508 -0.0177468 2.54 2.54 2.54 -0.7071068 8.733639E-16 2.943919E-17 0.7071067  
			<Transforms>: 8 0.2666667 0 0 0 1 1 1 0 0 0 1 0 0 0 2.54 2.54 2.54 -3.774895E-08 0 0 1 -5.169836E-11 0.00770565 -0.001182719 1 0.9999999 1 0.6101746 -0.3573333 0.6101745 -0.3573332 -0.4647999 0.008628854 3.875396E-08 1 1 1 7.405545E-08 -3.654001E-08 0.8597319 0.5107456 -0.8146572 4.947185E-08 -1.434593E-08 1 1 1 9.978129E-15 -1.748601E-14 -4.65661E-10 1 -1.443823E-15 0.508 -0.0177468 2.54 2.54 2.54 -0.7071068 8.733639E-16 2.943919E-17 0.7071067  
			<Transforms>: 9 0.3 0 0 0 1 1 1 0 0 0 1 0 0 0 2.54 2.54 2.54 -3.774895E-08 0 0 1 -5.169836E-11 0.00770565 -0.001182719 1 0.9999999 1 0.6101746 -0.3573333 0.6101745 -0.3573332 -0.4707051 0.00531617 3.875396E-08 1 1 1 7.405545E-08 -3.654001E-08 0.8597319 0.5107456 -0.8146572 4.947185E-08 -1.434593E-08 1 1 1 9.978129E-15 -1.748601E-14 -4.65661E-10 1 -1.443823E-15 0.508 -0.0177468 2.54 2.54 2.54 -0.7071068 8.733639E-16 2.943919E-17 0.7071067  
			<Transforms>: 10 0.3333333 0 0 0 1 1 1 0 0 0 1 0 0 0 2.54 2.54 2.54 -3.774895E-08 0 0 1 -5.169836E-11 0.00770565 -0.001182719 1 0.9999999 1 0.6101746 -0.3573333 0.6101745 -0.3573332 -0.4658836 0.008020924 3.875396E-08 1 1 1 7.405545E-08 -3.654001E-08 0.8597319 0.5107456 -0.8146572 4.947185E-08 -1.434593E-08 1 1 1 9.978129E-15 -1.748601E-14 -4.65661E-10 1 -1.443823E-15 0.508 -0.0177468 2.54 2.54 2.54 -0.7071068 8.733639E-16 2.943919E-17 0.7071067  
			<Transforms>: 11 0.3666667 0 0 0 1 1 1 0 0 0 1 0 0 0 2.54 2.54 2.54 -3.774895E-08 0 0 1 -5.169836E-11 0.00770565 -0.001182719 1 0.9999999 1 0.6101746 -0.3573333 0.6101745 -0.3573332 -0.4527967 0.01536237 3.875396E-08 1 1 1 7.405545E-08 -3.654001E-08 0.8597319 0.5107456 -0.8146572 4.947185E-08 -1.434593E-08 1 1 1 9.978129E-15 -1.748601E-14 -4.65661E-10 1 -1.443823E-15 0.508 -0.0177468 2.54 2.54 2.54 -0.7071068 8.733639E-16 2.943919E-17 0.7071067  
			<Transforms>: 12 0.4 0 0 0 1 1 1 0 0 0 1 0 0 0 2.54 2.54 2.54 -3.774895E-08 0 0 1 -5.169836E-11 0.00770565 -0.001182719 1 0.9999999 1 0.6101746 -0.3573333 0.6101745 -0.3573332 -0.4335108 0.02618134 3.875396E-08 1 1 1 7.405545E-08 -3.654001E-08 0.8597319 0.5107456 -0.8146572 4.947185E-08 -1.434593E-08 1 1 1 9.978129E-15 -1.748601E-14 -4.65661E-10 1 -1.443823E-15 0.508 -0.0177468 2.54 2.54 2.54 -0.7071068 8.733639E-16 2.943919E-17 0.7071067  
			<Transforms>: 13 0.4333333 0 0 0 1 1 1 0 0 0 1 0 0 0 2.54 2.54 2.54 -3.774895E-08 0 0 1 -5.169836E-11 0.00770565 -0.001182719 1 0.9999999 1 0.6101746 -0.3573333 0.6101745 -0.3573332 -0.4100921 0.03931867 3.875396E-08 1 1 1 7.405545E-08 -3.654001E-08 0.8597319 0.5107456 -0.8146572 4.947185E-08 -1.434593E-08 1 1 1 9.978129E-15 -1.748601E-14 -4.65661E-10 1 -1.443823E-15 0.508 -0.0177468 2.54 2.54 2.54 -0.7071068 8.733639E-16 2.943919E-17 0.7071067  
			<Transforms>: 14 0.4666667 0 0 0 1 1 1 0 0 0 1 0 0 0 2.54 2.54 2.54 -3.774895E-08 0 0 1 -5.169836E-11 0.00770565 -0.001182719 1 0.9999999 1 0.6101746 -0.3573333 0.6101745 -0.3573332 -0.3846071 0.05361515 3.875396E-08 1 1 1 7.405545E-08 -3.654001E-08 0.8597319 0.5107456 -0.8146572 4.947185E-08 -1.434593E-08 1 1 1 9.978129E-15 -1.748601E-14 -4.65661E-10 1 -1.443823E-15 0.508 -0.0177468 2.54 2.54 2.54 -0.7071068 8.733639E-16 2.943919E-17 0.7071067  
			<Transforms>: 15 0.5 0 0 0 1 1 1 0 0 0 1 0 0 0 2.54 2.54 2.54 -3.774895E-08 0 0 1 -5.169836E-11 0.00770565 -0.001182719 1 0.9999999 1 0.6101746 -0.3573333 0.6101745 -0.3573332 -0.3591222 0.06791164 3.875396E-08 1 1 1 7.405545E-08 -3.654001E-08 0.8597319 0.5107456 -0.8146572 4.947185E-08 -1.434593E-08 1 1 1 9.978129E-15 -1.748601E-14 -4.65661E-10 1 -1.443823E-15 0.508 -0.0177468 2.54 2.54 2.54 -0.7071068 8.733639E-16 2.943919E-17 0.7071067  
			<Transforms>: 16 0.5333334 0 0 0 1 1 1 0 0 0 1 0 0 0 2.54 2.54 2.54 -3.774895E-08 0 0 1 -5.169836E-11 0.00770565 -0.001182719 1 0.9999999 1 0.6101746 -0.3573333 0.6101745 -0.3573332 -0.3357035 0.08104897 3.875396E-08 1 1 1 7.405545E-08 -3.654001E-08 0.8597319 0.5107456 -0.8146572 4.947185E-08 -1.434593E-08 1 1 1 9.978129E-15 -1.748601E-14 -4.65661E-10 1 -1.443823E-15 0.508 -0.0177468 2.54 2.54 2.54 -0.7071068 8.733639E-16 2.943919E-17 0.7071067  
			<Transforms>: 17 0.5666667 0 0 0 1 1 1 0 0 0 1 0 0 0 2.54 2.54 2.54 -3.774895E-08 0 0 1 -5.169836E-11 0.00770565 -0.001182719 1 0.9999999 1 0.6101746 -0.3573333 0.6101745 -0.3573332 -0.3164175 0.09186795 3.875396E-08 1 1 1 7.405545E-08 -3.654001E-08 0.8597319 0.5107456 -0.8146572 4.947185E-08 -1.434593E-08 1 1 1 9.978129E-15 -1.748601E-14 -4.65661E-10 1 -1.443823E-15 0.508 -0.0177468 2.54 2.54 2.54 -0.7071068 8.733639E-16 2.943919E-17 0.7071067  
			<Transforms>: 18 0.6000001 0 0 0 1 1 1 0 0 0 1 0 0 0 2.54 2.54 2.54 -3.774895E-08 0 0 1 -5.169836E-11 0.00770565 -0.001182719 1 0.9999999 1 0.6101746 -0.3573333 0.6101745 -0.3573332 -0.3033307 0.09920938 3.875396E-08 1 1 1 7.405545E-08 -3.654001E-08 0.8597319 0.5107456 -0.8146572 4.947185E-08 -1.434593E-08 1 1 1 9.978129E-15 -1.748601E-14 -4.65661E-10 1 -1.443823E-15 0.508 -0.0177468 2.54 2.54 2.54 -0.7071068 8.733639E-16 2.943919E-17 0.7071067  
		<AnimationSet>: 1 Armature|ArmatureAction 0.6333333 30 19
			<Transforms>: 0 0 0 0 0 1 1 1 0 0 0 1 0 0 0 2.54 2.54 2.54 -3.774895E-08 0 0 1 -5.169836E-11 0.00770565 -0.001182719 1 0.9999999 1 0.6101746 -0.3573333 0.6101745 -0.3573332 -0.2985092 0.1019141 3.875396E-08 1 1 1 7.405545E-08 -3.654001E-08 0.8597319 0.5107456 -0.8146572 4.947185E-08 -1.434593E-08 1 1 1 9.978129E-15 -1.748601E-14 -4.65661E-10 1 -1.443823E-15 0.508 -0.0177468 2.54 2.54 2.54 -0.7071068 8.733639E-16 2.943919E-17 0.7071067  
			<Transforms>: 1 0.03333334 0 0 0 1 1 1 0 0 0 1 0 0 0 2.54 2.54 2.54 -3.774895E-08 0 0 1 -5.169836E-11 0.00770565 -0.001182719 1 0.9999999 1 0.6101746 -0.3573333 0.6101745 -0.3573332 -0.3044144 0.09860142 3.875396E-08 1 1 1 7.405545E-08 -3.654001E-08 0.8597319 0.5107456 -0.8146572 4.947185E-08 -1.434593E-08 1 1 1 9.978129E-15 -1.748601E-14 -4.65661E-10 1 -1.443823E-15 0.508 -0.0177468 2.54 2.54 2.54 -0.7071068 8.733639E-16 2.943919E-17 0.7071067  
			<Transforms>: 2 0.06666667 0 0 0 1 1 1 0 0 0 1 0 0 0 2.54 2.54 2.54 -3.774895E-08 0 0 1 -5.169836E-11 0.00770565 -0.001182719 1 0.9999999 1 0.6101746 -0.3573333 0.6101745 -0.3573332 -0.3202403 0.08972342 3.875396E-08 1 1 1 7.405545E-08 -3.654001E-08 0.8597319 0.5107456 -0.8146572 4.947185E-08 -1.434593E-08 1 1 1 9.978129E-15 -1.748601E-14 -4.65661E-10 1 -1.443823E-15 0.508 -0.0177468 2.54 2.54 2.54 -0.7071068 8.733639E-16 2.943919E-17 0.7071067  
			<Transforms>: 3 0.1 0 0 0 1 1 1 0 0 0 1 0 0 0 2.54 2.54 2.54 -3.774895E-08 0 0 1 -5.169836E-11 0.00770565 -0.001182719 1 0.9999999 1 0.6101746 -0.3573333 0.6101745 -0.3573332 -0.3431526 0.0768702 3.875396E-08 1 1 1 7.405545E-08 -3.654001E-08 0.8597319 0.5107456 -0.8146572 4.947185E-08 -1.434593E-08 1 1 1 9.978129E-15 -1.748601E-14 -4.65661E-10 1 -1.443823E-15 0.508 -0.0177468 2.54 2.54 2.54 -0.7071068 8.733639E-16 2.943919E-17 0.7071067  
			<Transforms>: 4 0.1333333 0 0 0 1 1 1 0 0 0 1 0 0 0 2.54 2.54 2.54 -3.774895E-08 0 0 1 -5.169836E-11 0.00770565 -0.001182719 1 0.9999999 1 0.6101746 -0.3573333 0.6101745 -0.3573332 -0.370684 0.06142572 3.875396E-08 1 1 1 7.405545E-08 -3.654001E-08 0.8597319 0.5107456 -0.8146572 4.947185E-08 -1.434593E-08 1 1 1 9.978129E-15 -1.748601E-14 -4.65661E-10 1 -1.443823E-15 0.508 -0.0177468 2.54 2.54 2.54 -0.7071068 8.733639E-16 2.943919E-17 0.7071067  
			<Transforms>: 5 0.1666667 0 0 0 1 1 1 0 0 0 1 0 0 0 2.54 2.54 2.54 -3.774895E-08 0 0 1 -5.169836E-11 0.00770565 -0.001182719 1 0.9999999 1 0.6101746 -0.3573333 0.6101745 -0.3573332 -0.3985303 0.04580456 3.875396E-08 1 1 1 7.405545E-08 -3.654001E-08 0.8597319 0.5107456 -0.8146572 4.947185E-08 -1.434593E-08 1 1 1 9.978129E-15 -1.748601E-14 -4.65661E-10 1 -1.443823E-15 0.508 -0.0177468 2.54 2.54 2.54 -0.7071068 8.733639E-16 2.943919E-17 0.7071067  
			<Transforms>: 6 0.2 0 0 0 1 1 1 0 0 0 1 0 0 0 2.54 2.54 2.54 -3.774895E-08 0 0 1 -5.169836E-11 0.00770565 -0.001182719 1 0.9999999 1 0.6101746 -0.3573333 0.6101745 -0.3573332 -0.4260617 0.0303601 3.875396E-08 1 1 1 7.405545E-08 -3.654001E-08 0.8597319 0.5107456 -0.8146572 4.947185E-08 -1.434593E-08 1 1 1 9.978129E-15 -1.748601E-14 -4.65661E-10 1 -1.443823E-15 0.508 -0.0177468 2.54 2.54 2.54 -0.7071068 8.733639E-16 2.943919E-17 0.7071067  
			<Transforms>: 7 0.2333333 0 0 0 1 1 1 0 0 0 1 0 0 0 2.54 2.54 2.54 -3.774895E-08 0 0 1 -5.169836E-11 0.00770565 -0.001182719 1 0.9999999 1 0.6101746 -0.3573333 0.6101745 -0.3573332 -0.4489739 0.01750685 3.875396E-08 1 1 1 7.405545E-08 -3.654001E-08 0.8597319 0.5107456 -0.8146572 4.947185E-08 -1.434593E-08 1 1 1 9.978129E-15 -1.748601E-14 -4.65661E-10 1 -1.443823E-15 0.508 -0.0177468 2.54 2.54 2.54 -0.7071068 8.733639E-16 2.943919E-17 0.7071067  
			<Transforms>: 8 0.2666667 0 0 0 1 1 1 0 0 0 1 0 0 0 2.54 2.54 2.54 -3.774895E-08 0 0 1 -5.169836E-11 0.00770565 -0.001182719 1 0.9999999 1 0.6101746 -0.3573333 0.6101745 -0.3573332 -0.4647999 0.008628854 3.875396E-08 1 1 1 7.405545E-08 -3.654001E-08 0.8597319 0.5107456 -0.8146572 4.947185E-08 -1.434593E-08 1 1 1 9.978129E-15 -1.748601E-14 -4.65661E-10 1 -1.443823E-15 0.508 -0.0177468 2.54 2.54 2.54 -0.7071068 8.733639E-16 2.943919E-17 0.7071067  
			<Transforms>: 9 0.3 0 0 0 1 1 1 0 0 0 1 0 0 0 2.54 2.54 2.54 -3.774895E-08 0 0 1 -5.169836E-11 0.00770565 -0.001182719 1 0.9999999 1 0.6101746 -0.3573333 0.6101745 -0.3573332 -0.4707051 0.00531617 3.875396E-08 1 1 1 7.405545E-08 -3.654001E-08 0.8597319 0.5107456 -0.8146572 4.947185E-08 -1.434593E-08 1 1 1 9.978129E-15 -1.748601E-14 -4.65661E-10 1 -1.443823E-15 0.508 -0.0177468 2.54 2.54 2.54 -0.7071068 8.733639E-16 2.943919E-17 0.7071067  
			<Transforms>: 10 0.3333333 0 0 0 1 1 1 0 0 0 1 0 0 0 2.54 2.54 2.54 -3.774895E-08 0 0 1 -5.169836E-11 0.00770565 -0.001182719 1 0.9999999 1 0.6101746 -0.3573333 0.6101745 -0.3573332 -0.4658836 0.008020924 3.875396E-08 1 1 1 7.405545E-08 -3.654001E-08 0.8597319 0.5107456 -0.8146572 4.947185E-08 -1.434593E-08 1 1 1 9.978129E-15 -1.748601E-14 -4.65661E-10 1 -1.443823E-15 0.508 -0.0177468 2.54 2.54 2.54 -0.7071068 8.733639E-16 2.943919E-17 0.7071067  
			<Transforms>: 11 0.3666667 0 0 0 1 1 1 0 0 0 1 0 0 0 2.54 2.54 2.54 -3.774895E-08 0 0 1 -5.169836E-11 0.00770565 -0.001182719 1 0.9999999 1 0.6101746 -0.3573333 0.6101745 -0.3573332 -0.4527967 0.01536237 3.875396E-08 1 1 1 7.405545E-08 -3.654001E-08 0.8597319 0.5107456 -0.8146572 4.947185E-08 -1.434593E-08 1 1 1 9.978129E-15 -1.748601E-14 -4.65661E-10 1 -1.443823E-15 0.508 -0.0177468 2.54 2.54 2.54 -0.7071068 8.733639E-16 2.943919E-17 0.7071067  
			<Transforms>: 12 0.4 0 0 0 1 1 1 0 0 0 1 0 0 0 2.54 2.54 2.54 -3.774895E-08 0 0 1 -5.169836E-11 0.00770565 -0.001182719 1 0.9999999 1 0.6101746 -0.3573333 0.6101745 -0.3573332 -0.4335108 0.02618134 3.875396E-08 1 1 1 7.405545E-08 -3.654001E-08 0.8597319 0.5107456 -0.8146572 4.947185E-08 -1.434593E-08 1 1 1 9.978129E-15 -1.748601E-14 -4.65661E-10 1 -1.443823E-15 0.508 -0.0177468 2.54 2.54 2.54 -0.7071068 8.733639E-16 2.943919E-17 0.7071067  
			<Transforms>: 13 0.4333333 0 0 0 1 1 1 0 0 0 1 0 0 0 2.54 2.54 2.54 -3.774895E-08 0 0 1 -5.169836E-11 0.00770565 -0.001182719 1 0.9999999 1 0.6101746 -0.3573333 0.6101745 -0.3573332 -0.4100921 0.03931867 3.875396E-08 1 1 1 7.405545E-08 -3.654001E-08 0.8597319 0.5107456 -0.8146572 4.947185E-08 -1.434593E-08 1 1 1 9.978129E-15 -1.748601E-14 -4.65661E-10 1 -1.443823E-15 0.508 -0.0177468 2.54 2.54 2.54 -0.7071068 8.733639E-16 2.943919E-17 0.7071067  
			<Transforms>: 14 0.4666667 0 0 0 1 1 1 0 0 0 1 0 0 0 2.54 2.54 2.54 -3.774895E-08 0 0 1 -5.169836E-11 0.00770565 -0.001182719 1 0.9999999 1 0.6101746 -0.3573333 0.6101745 -0.3573332 -0.3846071 0.05361515 3.875396E-08 1 1 1 7.405545E-08 -3.654001E-08 0.8597319 0.5107456 -0.8146572 4.947185E-08 -1.434593E-08 1 1 1 9.978129E-15 -1.748601E-14 -4.65661E-10 1 -1.443823E-15 0.508 -0.0177468 2.54 2.54 2.54 -0.7071068 8.733639E-16 2.943919E-17 0.7071067  
			<Transforms>: 15 0.5 0 0 0 1 1 1 0 0 0 1 0 0 0 2.54 2.54 2.54 -3.774895E-08 0 0 1 -5.169836E-11 0.00770565 -0.001182719 1 0.9999999 1 0.6101746 -0.3573333 0.6101745 -0.3573332 -0.3591222 0.06791164 3.875396E-08 1 1 1 7.405545E-08 -3.654001E-08 0.8597319 0.5107456 -0.8146572 4.947185E-08 -1.434593E-08 1 1 1 9.978129E-15 -1.748601E-14 -4.65661E-10 1 -1.443823E-15 0.508 -0.0177468 2.54 2.54 2.54 -0.7071068 8.733639E-16 2.943919E-17 0.7071067  
			<Transforms>: 16 0.5333334 0 0 0 1 1 1 0 0 0 1 0 0 0 2.54 2.54 2.54 -3.774895E-08 0 0 1 -5.169836E-11 0.00770565 -0.001182719 1 0.9999999 1 0.6101746 -0.3573333 0.6101745 -0.3573332 -0.3357035 0.08104897 3.875396E-08 1 1 1 7.405545E-08 -3.654001E-08 0.8597319 0.5107456 -0.8146572 4.947185E-08 -1.434593E-08 1 1 1 9.978129E-15 -1.748601E-14 -4.65661E-10 1 -1.443823E-15 0.508 -0.0177468 2.54 2.54 2.54 -0.7071068 8.733639E-16 2.943919E-17 0.7071067  
			<Transforms>: 17 0.5666667 0 0 0 1 1 1 0 0 0 1 0 0 0 2.54 2.54 2.54 -3.774895E-08 0 0 1 -5.169836E-11 0.00770565 -0.001182719 1 0.9999999 1 0.6101746 -0.3573333 0.6101745 -0.3573332 -0.3164175 0.09186795 3.875396E-08 1 1 1 7.405545E-08 -3.654001E-08 0.8597319 0.5107456 -0.8146572 4.947185E-08 -1.434593E-08 1 1 1 9.978129E-15 -1.748601E-14 -4.65661E-10 1 -1.443823E-15 0.508 -0.0177468 2.54 2.54 2.54 -0.7071068 8.733639E-16 2.943919E-17 0.7071067  
			<Transforms>: 18 0.6000001 0 0 0 1 1 1 0 0 0 1 0 0 0 2.54 2.54 2.54 -3.774895E-08 0 0 1 -5.169836E-11 0.00770565 -0.001182719 1 0.9999999 1 0.6101746 -0.3573333 0.6101745 -0.3573332 -0.3033307 0.09920938 3.875396E-08 1 1 1 7.405545E-08 -3.654001E-08 0.8597319 0.5107456 -0.8146572 4.947185E-08 -1.434593E-08 1 1 1 9.978129E-15 -1.748601E-14 -4.65661E-10 1 -1.443823E-15 0.508 -0.0177468 2.54 2.54 2.54 -0.7071068 8.733639E-16 2.943919E-17 0.7071067  
		<AnimationSet>: 2 Armature|ArmatureAction 0.6333333 30 19
			<Transforms>: 0 0 0 0 0 1 1 1 0 0 0 1 0 0 0 2.54 2.54 2.54 -3.774895E-08 0 0 1 -5.169836E-11 0.00770565 -0.001182719 1 0.9999999 1 0.6101746 -0.3573333 0.6101745 -0.3573332 -0.2985092 0.1019141 3.875396E-08 1 1 1 7.405545E-08 -3.654001E-08 0.8597319 0.5107456 -0.8146572 4.947185E-08 -1.434593E-08 1 1 1 9.978129E-15 -1.748601E-14 -4.65661E-10 1 -1.443823E-15 0.508 -0.0177468 2.54 2.54 2.54 -0.7071068 8.733639E-16 2.943919E-17 0.7071067  
			<Transforms>: 1 0.03333334 0 0 0 1 1 1 0 0 0 1 0 0 0 2.54 2.54 2.54 -3.774895E-08 0 0 1 -5.169836E-11 0.00770565 -0.001182719 1 0.9999999 1 0.6101746 -0.3573333 0.6101745 -0.3573332 -0.3044144 0.09860142 3.875396E-08 1 1 1 7.405545E-08 -3.654001E-08 0.8597319 0.5107456 -0.8146572 4.947185E-08 -1.434593E-08 1 1 1 9.978129E-15 -1.748601E-14 -4.65661E-10 1 -1.443823E-15 0.508 -0.0177468 2.54 2.54 2.54 -0.7071068 8.733639E-16 2.943919E-17 0.7071067  
			<Transforms>: 2 0.06666667 0 0 0 1 1 1 0 0 0 1 0 0 0 2.54 2.54 2.54 -3.774895E-08 0 0 1 -5.169836E-11 0.00770565 -0.001182719 1 0.9999999 1 0.6101746 -0.3573333 0.6101745 -0.3573332 -0.3202403 0.08972342 3.875396E-08 1 1 1 7.405545E-08 -3.654001E-08 0.8597319 0.5107456 -0.8146572 4.947185E-08 -1.434593E-08 1 1 1 9.978129E-15 -1.748601E-14 -4.65661E-10 1 -1.443823E-15 0.508 -0.0177468 2.54 2.54 2.54 -0.7071068 8.733639E-16 2.943919E-17 0.7071067  
			<Transforms>: 3 0.1 0 0 0 1 1 1 0 0 0 1 0 0 0 2.54 2.54 2.54 -3.774895E-08 0 0 1 -5.169836E-11 0.00770565 -0.001182719 1 0.9999999 1 0.6101746 -0.3573333 0.6101745 -0.3573332 -0.3431526 0.0768702 3.875396E-08 1 1 1 7.405545E-08 -3.654001E-08 0.8597319 0.5107456 -0.8146572 4.947185E-08 -1.434593E-08 1 1 1 9.978129E-15 -1.748601E-14 -4.65661E-10 1 -1.443823E-15 0.508 -0.0177468 2.54 2.54 2.54 -0.7071068 8.733639E-16 2.943919E-17 0.7071067  
			<Transforms>: 4 0.1333333 0 0 0 1 1 1 0 0 0 1 0 0 0 2.54 2.54 2.54 -3.774895E-08 0 0 1 -5.169836E-11 0.00770565 -0.001182719 1 0.9999999 1 0.6101746 -0.3573333 0.6101745 -0.3573332 -0.370684 0.06142572 3.875396E-08 1 1 1 7.405545E-08 -3.654001E-08 0.8597319 0.5107456 -0.8146572 4.947185E-08 -1.434593E-08 1 1 1 9.978129E-15 -1.748601E-14 -4.65661E-10 1 -1.443823E-15 0.508 -0.0177468 2.54 2.54 2.54 -0.7071068 8.733639E-16 2.943919E-17 0.7071067  
			<Transforms>: 5 0.1666667 0 0 0 1 1 1 0 0 0 1 0 0 0 2.54 2.54 2.54 -3.774895E-08 0 0 1 -5.169836E-11 0.00770565 -0.001182719 1 0.9999999 1 0.6101746 -0.3573333 0.6101745 -0.3573332 -0.3985303 0.04580456 3.875396E-08 1 1 1 7.405545E-08 -3.654001E-08 0.8597319 0.5107456 -0.8146572 4.947185E-08 -1.434593E-08 1 1 1 9.978129E-15 -1.748601E-14 -4.65661E-10 1 -1.443823E-15 0.508 -0.0177468 2.54 2.54 2.54 -0.7071068 8.733639E-16 2.943919E-17 0.7071067  
			<Transforms>: 6 0.2 0 0 0 1 1 1 0 0 0 1 0 0 0 2.54 2.54 2.54 -3.774895E-08 0 0 1 -5.169836E-11 0.00770565 -0.001182719 1 0.9999999 1 0.6101746 -0.3573333 0.6101745 -0.3573332 -0.4260617 0.0303601 3.875396E-08 1 1 1 7.405545E-08 -3.654001E-08 0.8597319 0.5107456 -0.8146572 4.947185E-08 -1.434593E-08 1 1 1 9.978129E-15 -1.748601E-14 -4.65661E-10 1 -1.443823E-15 0.508 -0.0177468 2.54 2.54 2.54 -0.7071068 8.733639E-16 2.943919E-17 0.7071067  
			<Transforms>: 7 0.2333333 0 0 0 1 1 1 0 0 0 1 0 0 0 2.54 2.54 2.54 -3.774895E-08 0 0 1 -5.169836E-11 0.00770565 -0.001182719 1 0.9999999 1 0.6101746 -0.3573333 0.6101745 -0.3573332 -0.4489739 0.01750685 3.875396E-08 1 1 1 7.405545E-08 -3.654001E-08 0.8597319 0.5107456 -0.8146572 4.947185E-08 -1.434593E-08 1 1 1 9.978129E-15 -1.748601E-14 -4.65661E-10 1 -1.443823E-15 0.508 -0.0177468 2.54 2.54 2.54 -0.7071068 8.733639E-16 2.943919E-17 0.7071067  
			<Transforms>: 8 0.2666667 0 0 0 1 1 1 0 0 0 1 0 0 0 2.54 2.54 2.54 -3.774895E-08 0 0 1 -5.169836E-11 0.00770565 -0.001182719 1 0.9999999 1 0.6101746 -0.3573333 0.6101745 -0.3573332 -0.4647999 0.008628854 3.875396E-08 1 1 1 7.405545E-08 -3.654001E-08 0.8597319 0.5107456 -0.8146572 4.947185E-08 -1.434593E-08 1 1 1 9.978129E-15 -1.748601E-14 -4.65661E-10 1 -1.443823E-15 0.508 -0.0177468 2.54 2.54 2.54 -0.7071068 8.733639E-16 2.943919E-17 0.7071067  
			<Transforms>: 9 0.3 0 0 0 1 1 1 0 0 0 1 0 0 0 2.54 2.54 2.54 -3.774895E-08 0 0 1 -5.169836E-11 0.00770565 -0.001182719 1 0.9999999 1 0.6101746 -0.3573333 0.6101745 -0.3573332 -0.4707051 0.00531617 3.875396E-08 1 1 1 7.405545E-08 -3.654001E-08 0.8597319 0.5107456 -0.8146572 4.947185E-08 -1.434593E-08 1 1 1 9.978129E-15 -1.748601E-14 -4.65661E-10 1 -1.443823E-15 0.508 -0.0177468 2.54 2.54 2.54 -0.7071068 8.733639E-16 2.943919E-17 0.7071067  
			<Transforms>: 10 0.3333333 0 0 0 1 1 1 0 0 0 1 0 0 0 2.54 2.54 2.54 -3.774895E-08 0 0 1 -5.169836E-11 0.00770565 -0.001182719 1 0.9999999 1 0.6101746 -0.3573333 0.6101745 -0.3573332 -0.4658836 0.008020924 3.875396E-08 1 1 1 7.405545E-08 -3.654001E-08 0.8597319 0.5107456 -0.8146572 4.947185E-08 -1.434593E-08 1 1 1 9.978129E-15 -1.748601E-14 -4.65661E-10 1 -1.443823E-15 0.508 -0.0177468 2.54 2.54 2.54 -0.7071068 8.733639E-16 2.943919E-17 0.7071067  
			<Transforms>: 11 0.3666667 0 0 0 1 1 1 0 0 0 1 0 0 0 2.54 2.54 2.54 -3.774895E-08 0 0 1 -5.169836E-11 0.00770565 -0.001182719 1 0.9999999 1 0.6101746 -0.3573333 0.6101745 -0.3573332 -0.4527967 0.01536237 3.875396E-08 1 1 1 7.405545E-08 -3.654001E-08 0.8597319 0.5107456 -0.8146572 4.947185E-08 -1.434593E-08 1 1 1 9.978129E-15 -1.748601E-14 -4.65661E-10 1 -1.443823E-15 0.508 -0.0177468 2.54 2.54 2.54 -0.7071068 8.733639E-16 2.943919E-17 0.7071067  
			<Transforms>: 12 0.4 0 0 0 1 1 1 0 0 0 1 0 0 0 2.54 2.54 2.54 -3.774895E-08 0 0 1 -5.169836E-11 0.00770565 -0.001182719 1 0.9999999 1 0.6101746 -0.3573333 0.6101745 -0.3573332 -0.4335108 0.02618134 3.875396E-08 1 1 1 7.405545E-08 -3.654001E-08 0.8597319 0.5107456 -0.8146572 4.947185E-08 -1.434593E-08 1 1 1 9.978129E-15 -1.748601E-14 -4.65661E-10 1 -1.443823E-15 0.508 -0.0177468 2.54 2.54 2.54 -0.7071068 8.733639E-16 2.943919E-17 0.7071067  
			<Transforms>: 13 0.4333333 0 0 0 1 1 1 0 0 0 1 0 0 0 2.54 2.54 2.54 -3.774895E-08 0 0 1 -5.169836E-11 0.00770565 -0.001182719 1 0.9999999 1 0.6101746 -0.3573333 0.6101745 -0.3573332 -0.4100921 0.03931867 3.875396E-08 1 1 1 7.405545E-08 -3.654001E-08 0.8597319 0.5107456 -0.8146572 4.947185E-08 -1.434593E-08 1 1 1 9.978129E-15 -1.748601E-14 -4.65661E-10 1 -1.443823E-15 0.508 -0.0177468 2.54 2.54 2.54 -0.7071068 8.733639E-16 2.943919E-17 0.7071067  
			<Transforms>: 14 0.4666667 0 0 0 1 1 1 0 0 0 1 0 0 0 2.54 2.54 2.54 -3.774895E-08 0 0 1 -5.169836E-11 0.00770565 -0.001182719 1 0.9999999 1 0.6101746 -0.3573333 0.6101745 -0.3573332 -0.3846071 0.05361515 3.875396E-08 1 1 1 7.405545E-08 -3.654001E-08 0.8597319 0.5107456 -0.8146572 4.947185E-08 -1.434593E-08 1 1 1 9.978129E-15 -1.748601E-14 -4.65661E-10 1 -1.443823E-15 0.508 -0.0177468 2.54 2.54 2.54 -0.7071068 8.733639E-16 2.943919E-17 0.7071067  
			<Transforms>: 15 0.5 0 0 0 1 1 1 0 0 0 1 0 0 0 2.54 2.54 2.54 -3.774895E-08 0 0 1 -5.169836E-11 0.00770565 -0.001182719 1 0.9999999 1 0.6101746 -0.3573333 0.6101745 -0.3573332 -0.3591222 0.06791164 3.875396E-08 1 1 1 7.405545E-08 -3.654001E-08 0.8597319 0.5107456 -0.8146572 4.947185E-08 -1.434593E-08 1 1 1 9.978129E-15 -1.748601E-14 -4.65661E-10 1 -1.443823E-15 0.508 -0.0177468 2.54 2.54 2.54 -0.7071068 8.733639E-16 2.943919E-17 0.7071067  
			<Transforms>: 16 0.5333334 0 0 0 1 1 1 0 0 0 1 0 0 0 2.54 2.54 2.54 -3.774895E-08 0 0 1 -5.169836E-11 0.00770565 -0.001182719 1 0.9999999 1 0.6101746 -0.3573333 0.6101745 -0.3573332 -0.3357035 0.08104897 3.875396E-08 1 1 1 7.405545E-08 -3.654001E-08 0.8597319 0.5107456 -0.8146572 4.947185E-08 -1.434593E-08 1 1 1 9.978129E-15 -1.748601E-14 -4.65661E-10 1 -1.443823E-15 0.508 -0.0177468 2.54 2.54 2.54 -0.7071068 8.733639E-16 2.943919E-17 0.7071067  
			<Transforms>: 17 0.5666667 0 0 0 1 1 1 0 0 0 1 0 0 0 2.54 2.54 2.54 -3.774895E-08 0 0 1 -5.169836E-11 0.00770565 -0.001182719 1 0.9999999 1 0.6101746 -0.3573333 0.6101745 -0.3573332 -0.3164175 0.09186795 3.875396E-08 1 1 1 7.405545E-08 -3.654001E-08 0.8597319 0.5107456 -0.8146572 4.947185E-08 -1.434593E-08 1 1 1 9.978129E-15 -1.748601E-14 -4.65661E-10 1 -1.443823E-15 0.508 -0.0177468 2.54 2.54 2.54 -0.7071068 8.733639E-16 2.943919E-17 0.7071067  
			<Transforms>: 18 0.6000001 0 0 0 1 1 1 0 0 0 1 0 0 0 2.54 2.54 2.54 -3.774895E-08 0 0 1 -5.169836E-11 0.00770565 -0.001182719 1 0.9999999 1 0.6101746 -0.3573333 0.6101745 -0.3573332 -0.3033307 0.09920938 3.875396E-08 1 1 1 7.405545E-08 -3.654001E-08 0.8597319 0.5107456 -0.8146572 4.947185E-08 -1.434593E-08 1 1 1 9.978129E-15 -1.748601E-14 -4.65661E-10 1 -1.443823E-15 0.508 -0.0177468 2.54 2.54 2.54 -0.7071068 8.733639E-16 2.943919E-17 0.7071067  
		<AnimationSet>: 3 attack 0.6333334 30 20
			<Transforms>: 0 0 0 0 0 1 1 1 0 0 0 1 0 0 0 2.54 2.54 2.54 -3.774895E-08 0 0 1 -5.169836E-11 0.00770565 -0.001182719 1 0.9999999 1 0.6101746 -0.3573333 0.6101745 -0.3573332 -0.2985092 0.1019141 1.232092E-07 1 1 1 7.405545E-08 -3.654002E-08 0.8597319 0.5107457 -0.8146572 4.947185E-08 -1.434593E-08 1 1 1 9.978129E-15 -1.748601E-14 -4.65661E-10 1 -1.443823E-15 0.508 -0.0177468 2.54 2.54 2.54 -0.7071068 8.733639E-16 2.943919E-17 0.7071067  
			<Transforms>: 1 0.03333334 0 0 0 1 1 1 0 0 0 1 0 0 0 2.54 2.54 2.54 -3.774895E-08 0 0 1 -5.169836E-11 0.00770565 -0.001182719 1 0.9999999 1 0.6101746 -0.3573333 0.6101745 -0.3573332 -0.3079903 0.1596663 1.232092E-07 1 1 1 -0.001038959 0.003391065 0.8438335 0.5365934 -0.8146572 4.947185E-08 -1.434593E-08 1 1 1 9.978129E-15 -1.748601E-14 -4.65661E-10 1 -1.443823E-15 0.508 -0.0177468 2.54 2.54 2.54 -0.7071068 8.733639E-16 2.943919E-17 0.7071067  
			<Transforms>: 2 0.06666667 0 0 0 1 1 1 0 0 0 1 0 0 0 2.54 2.54 2.54 -3.774895E-08 0 0 1 -5.169836E-11 0.00770565 -0.001182719 1 0.9999999 1 0.6101746 -0.3573333 0.6101745 -0.3573332 -0.3288486 0.286721 1.232092E-07 1 1 1 -0.003332442 0.01087632 0.8058909 0.5919549 -0.8146572 4.947185E-08 -1.434593E-08 1 1 1 9.978129E-15 -1.748601E-14 -4.65661E-10 1 -1.443823E-15 0.508 -0.0177468 2.54 2.54 2.54 -0.7071068 8.733639E-16 2.943919E-17 0.7071067  
			<Transforms>: 3 0.1 0 0 0 1 1 1 0 0 0 1 0 0 0 2.54 2.54 2.54 -3.774895E-08 0 0 1 -5.169836E-11 0.00770565 -0.001182719 1 0.9999999 1 0.6101746 -0.3573333 0.6101745 -0.3573332 -0.349707 0.4137757 1.232092E-07 1 1 1 -0.005548691 0.01810951 0.7654544 0.6432115 -0.8146572 4.947185E-08 -1.434593E-08 1 1 1 9.978129E-15 -1.748601E-14 -4.65661E-10 1 -1.443823E-15 0.508 -0.0177468 2.54 2.54 2.54 -0.7071068 8.733639E-16 2.943919E-17 0.7071067  
			<Transforms>: 4 0.1333333 0 0 0 1 1 1 0 0 0 1 0 0 0 2.54 2.54 2.54 -3.774895E-08 0 0 1 -5.169836E-11 0.00770565 -0.001182719 1 0.9999999 1 0.6101746 -0.3573333 0.6101745 -0.3573332 -0.359188 0.4715279 1.232092E-07 1 1 1 -0.006632888 0.02164802 0.7442945 0.6674677 -0.8146572 4.947185E-08 -1.434593E-08 1 1 1 9.978129E-15 -1.748601E-14 -4.65661E-10 1 -1.443823E-15 0.508 -0.0177468 2.54 2.54 2.54 -0.7071068 8.733639E-16 2.943919E-17 0.7071067  
			<Transforms>: 5 0.1666667 0 0 0 1 1 1 0 0 0 1 0 0 0 2.54 2.54 2.54 -3.774895E-08 0 0 1 -5.169836E-11 0.00770565 -0.001182719 1 0.9999999 1 0.6101746 -0.3573333 0.6101745 -0.3573332 -0.297983 0.344511 -0.01030261 1 1 1 -0.005629158 0.01837213 0.7639154 0.6450304 -0.8146572 4.947185E-08 -1.434593E-08 1 1 1 9.978129E-15 -1.748601E-14 -4.65661E-10 1 -1.443823E-15 0.508 -0.0177468 2.54 2.54 2.54 -0.7071068 8.733639E-16 2.943919E-17 0.7071067  
			<Transforms>: 6 0.2 0 0 0 1 1 1 0 0 0 1 0 0 0 2.54 2.54 2.54 -3.774895E-08 0 0 1 -5.169836E-11 0.00770565 -0.001182719 1 0.9999999 1 0.6101746 -0.3573333 0.6101745 -0.3573332 -0.1526557 0.04128494 -0.03487066 1 1 1 -0.003313513 0.01081454 0.8062202 0.5915074 -0.8146572 4.947185E-08 -1.434593E-08 1 1 1 9.978129E-15 -1.748601E-14 -4.65661E-10 1 -1.443823E-15 0.508 -0.0177468 2.54 2.54 2.54 -0.7071068 8.733639E-16 2.943919E-17 0.7071067  
			<Transforms>: 7 0.2333333 0 0 0 1 1 1 0 0 0 1 0 0 0 2.54 2.54 2.54 -3.774895E-08 0 0 1 -5.169836E-11 0.00770565 -0.001182719 1 0.9999999 1 0.6101746 -0.3573333 0.6101745 -0.3573332 0.01936171 -0.3214131 -0.06419381 1 1 1 -0.0004746207 0.001549224 0.8525681 0.5226135 -0.8146572 4.947185E-08 -1.434593E-08 1 1 1 9.978129E-15 -1.748601E-14 -4.65661E-10 1 -1.443823E-15 0.508 -0.0177468 2.54 2.54 2.54 -0.7071068 8.733639E-16 2.943919E-17 0.7071067  
			<Transforms>: 8 0.2666667 0 0 0 1 1 1 0 0 0 1 0 0 0 2.54 2.54 2.54 -3.774895E-08 0 0 1 -5.169836E-11 0.00770565 -0.001182719 1 0.9999999 1 0.6101746 -0.3573333 0.6101745 -0.3573332 0.1606371 -0.6268461 -0.08876185 1 1 1 0.001905033 -0.006217269 0.8867949 0.4621175 -0.8146572 4.947185E-08 -1.434593E-08 1 1 1 9.978129E-15 -1.748601E-14 -4.65661E-10 1 -1.443823E-15 0.508 -0.0177468 2.54 2.54 2.54 -0.7071068 8.733639E-16 2.943919E-17 0.7071067  
			<Transforms>: 9 0.3 0 0 0 1 1 1 0 0 0 1 0 0 0 2.54 2.54 2.54 -3.774895E-08 0 0 1 -5.169836E-11 0.00770565 -0.001182719 1 0.9999999 1 0.6101746 -0.3573333 0.6101745 -0.3573332 0.213738 -0.7582763 -0.0990646 1 1 1 0.002884741 -0.009414754 0.899659 0.4364822 -0.8146572 4.947185E-08 -1.434593E-08 1 1 1 9.978129E-15 -1.748601E-14 -4.65661E-10 1 -1.443823E-15 0.508 -0.0177468 2.54 2.54 2.54 -0.7071068 8.733639E-16 2.943919E-17 0.7071067  
			<Transforms>: 10 0.3333333 0 0 0 1 1 1 0 0 0 1 0 0 0 2.54 2.54 2.54 -3.774895E-08 0 0 1 -5.169836E-11 0.00770565 -0.001182719 1 0.9999999 1 0.6101746 -0.3573333 0.6101745 -0.3573332 0.1911897 -0.7386597 -0.09629077 1 1 1 0.002900026 -0.00946464 0.899854 0.436079 -0.8146572 4.947185E-08 -1.434593E-08 1 1 1 9.978129E-15 -1.748601E-14 -4.65661E-10 1 -1.443823E-15 0.508 -0.0177468 2.54 2.54 2.54 -0.7071068 8.733639E-16 2.943919E-17 0.7071067  
			<Transforms>: 11 0.3666667 0 0 0 1 1 1 0 0 0 1 0 0 0 2.54 2.54 2.54 -3.774895E-08 0 0 1 -5.169836E-11 0.00770565 -0.001182719 1 0.9999999 1 0.6101746 -0.3573333 0.6101745 -0.3573332 0.1474977 -0.675878 -0.08876186 1 1 1 0.002583853 -0.008432744 0.8957846 0.4444008 -0.8146572 4.947185E-08 -1.434593E-08 1 1 1 9.978129E-15 -1.748601E-14 -4.65661E-10 1 -1.443823E-15 0.508 -0.0177468 2.54 2.54 2.54 -0.7071068 8.733639E-16 2.943919E-17 0.7071067  
			<Transforms>: 12 0.4 0 0 0 1 1 1 0 0 0 1 0 0 0 2.54 2.54 2.54 -3.774895E-08 0 0 1 -5.169836E-11 0.00770565 -0.001182719 1 0.9999999 1 0.6101746 -0.3573333 0.6101745 -0.3573332 0.08820129 -0.5805849 -0.07766663 1 1 1 0.002274072 -0.007421706 0.8917249 0.4525113 -0.8146572 4.947185E-08 -1.434593E-08 1 1 1 9.978129E-15 -1.748601E-14 -4.65661E-10 1 -1.443823E-15 0.508 -0.0177468 2.54 2.54 2.54 -0.7071068 8.733639E-16 2.943919E-17 0.7071067  
			<Transforms>: 13 0.4333333 0 0 0 1 1 1 0 0 0 1 0 0 0 2.54 2.54 2.54 -3.774895E-08 0 0 1 -5.169836E-11 0.00770565 -0.001182719 1 0.9999999 1 0.6101746 -0.3573333 0.6101745 -0.3573332 0.01883963 -0.4634335 -0.06419384 1 1 1 0.00190554 -0.006218926 0.8868017 0.4621044 -0.8146572 4.947185E-08 -1.434593E-08 1 1 1 9.978129E-15 -1.748601E-14 -4.65661E-10 1 -1.443823E-15 0.508 -0.0177468 2.54 2.54 2.54 -0.7071068 8.733639E-16 2.943919E-17 0.7071067  
			<Transforms>: 14 0.4666667 0 0 0 1 1 1 0 0 0 1 0 0 0 2.54 2.54 2.54 -3.774895E-08 0 0 1 -5.169836E-11 0.00770565 -0.001182719 1 0.9999999 1 0.6101746 -0.3573333 0.6101745 -0.3573332 -0.05479499 -0.3349392 -0.04953227 1 1 1 0.001505605 -0.004913653 0.8813443 0.4724467 -0.8146572 4.947185E-08 -1.434593E-08 1 1 1 9.978129E-15 -1.748601E-14 -4.65661E-10 1 -1.443823E-15 0.508 -0.0177468 2.54 2.54 2.54 -0.7071068 8.733639E-16 2.943919E-17 0.7071067  
			<Transforms>: 15 0.5 0 0 0 1 1 1 0 0 0 1 0 0 0 2.54 2.54 2.54 -3.774895E-08 0 0 1 -5.169836E-11 0.00770565 -0.001182719 1 0.9999999 1 0.6101746 -0.3573333 0.6101745 -0.3573332 -0.1279231 -0.2061691 -0.03487072 1 1 1 0.001101786 -0.003595705 0.8757129 0.4828176 -0.8146572 4.947185E-08 -1.434593E-08 1 1 1 9.978129E-15 -1.748601E-14 -4.65661E-10 1 -1.443823E-15 0.508 -0.0177468 2.54 2.54 2.54 -0.7071068 8.733639E-16 2.943919E-17 0.7071067  
			<Transforms>: 16 0.5333334 0 0 0 1 1 1 0 0 0 1 0 0 0 2.54 2.54 2.54 -3.774895E-08 0 0 1 -5.169836E-11 0.00770565 -0.001182719 1 0.9999999 1 0.6101746 -0.3573333 0.6101745 -0.3573332 -0.1942458 -0.08736266 -0.02139793 1 1 1 0.0007217107 -0.002355251 0.8703016 0.492513 -0.8146572 4.947185E-08 -1.434593E-08 1 1 1 9.978129E-15 -1.748601E-14 -4.65661E-10 1 -1.443823E-15 0.508 -0.0177468 2.54 2.54 2.54 -0.7071068 8.733639E-16 2.943919E-17 0.7071067  
			<Transforms>: 17 0.5666667 0 0 0 1 1 1 0 0 0 1 0 0 0 2.54 2.54 2.54 -3.774895E-08 0 0 1 -5.169836E-11 0.00770565 -0.001182719 1 0.9999999 1 0.6101746 -0.3573333 0.6101745 -0.3573332 -0.2484772 0.01068902 -0.01030266 1 1 1 0.0003930225 -0.001282508 0.8655354 0.500846 -0.8146572 4.947185E-08 -1.434593E-08 1 1 1 9.978129E-15 -1.748601E-14 -4.65661E-10 1 -1.443823E-15 0.508 -0.0177468 2.54 2.54 2.54 -0.7071068 8.733639E-16 2.943919E-17 0.7071067  
			<Transforms>: 18 0.6000001 0 0 0 1 1 1 0 0 0 1 0 0 0 2.54 2.54 2.54 -3.774895E-08 0 0 1 -5.169836E-11 0.00770565 -0.001182719 1 0.9999999 1 0.6101746 -0.3573333 0.6101745 -0.3573332 -0.285078 0.07733231 -0.002773774 1 1 1 0.0001433057 -0.0004675056 0.8618606 0.507145 -0.8146572 4.947185E-08 -1.434593E-08 1 1 1 9.978129E-15 -1.748601E-14 -4.65661E-10 1 -1.443823E-15 0.508 -0.0177468 2.54 2.54 2.54 -0.7071068 8.733639E-16 2.943919E-17 0.7071067  
			<Transforms>: 19 0.6333334 0 0 0 1 1 1 0 0 0 1 0 0 0 2.54 2.54 2.54 -3.774895E-08 0 0 1 -5.169836E-11 0.00770565 -0.001182719 1 0.9999999 1 0.6101746 -0.3573333 0.6101745 -0.3573332 -0.2985092 0.1019141 3.875396E-08 1 1 1 7.405545E-08 -3.654002E-08 0.8597319 0.5107457 -0.8146572 4.947185E-08 -1.434593E-08 1 1 1 9.978129E-15 -1.748601E-14 -4.65661E-10 1 -1.443823E-15 0.508 -0.0177468 2.54 2.54 2.54 -0.7071068 8.733639E-16 2.943919E-17 0.7071067  
		<AnimationSet>: 4 attack 0.6333334 30 20
			<Transforms>: 0 0 0 0 0 1 1 1 0 0 0 1 0 0 0 2.54 2.54 2.54 -3.774895E-08 0 0 1 -5.169836E-11 0.00770565 -0.001182719 1 0.9999999 1 0.6101746 -0.3573333 0.6101745 -0.3573332 -0.2985092 0.1019141 1.232092E-07 1 1 1 7.405545E-08 -3.654002E-08 0.8597319 0.5107457 -0.8146572 4.947185E-08 -1.434593E-08 1 1 1 9.978129E-15 -1.748601E-14 -4.65661E-10 1 -1.443823E-15 0.508 -0.0177468 2.54 2.54 2.54 -0.7071068 8.733639E-16 2.943919E-17 0.7071067  
			<Transforms>: 1 0.03333334 0 0 0 1 1 1 0 0 0 1 0 0 0 2.54 2.54 2.54 -3.774895E-08 0 0 1 -5.169836E-11 0.00770565 -0.001182719 1 0.9999999 1 0.6101746 -0.3573333 0.6101745 -0.3573332 -0.3079903 0.1596663 1.232092E-07 1 1 1 -0.001038959 0.003391065 0.8438335 0.5365934 -0.8146572 4.947185E-08 -1.434593E-08 1 1 1 9.978129E-15 -1.748601E-14 -4.65661E-10 1 -1.443823E-15 0.508 -0.0177468 2.54 2.54 2.54 -0.7071068 8.733639E-16 2.943919E-17 0.7071067  
			<Transforms>: 2 0.06666667 0 0 0 1 1 1 0 0 0 1 0 0 0 2.54 2.54 2.54 -3.774895E-08 0 0 1 -5.169836E-11 0.00770565 -0.001182719 1 0.9999999 1 0.6101746 -0.3573333 0.6101745 -0.3573332 -0.3288486 0.286721 1.232092E-07 1 1 1 -0.003332442 0.01087632 0.8058909 0.5919549 -0.8146572 4.947185E-08 -1.434593E-08 1 1 1 9.978129E-15 -1.748601E-14 -4.65661E-10 1 -1.443823E-15 0.508 -0.0177468 2.54 2.54 2.54 -0.7071068 8.733639E-16 2.943919E-17 0.7071067  
			<Transforms>: 3 0.1 0 0 0 1 1 1 0 0 0 1 0 0 0 2.54 2.54 2.54 -3.774895E-08 0 0 1 -5.169836E-11 0.00770565 -0.001182719 1 0.9999999 1 0.6101746 -0.3573333 0.6101745 -0.3573332 -0.349707 0.4137757 1.232092E-07 1 1 1 -0.005548691 0.01810951 0.7654544 0.6432115 -0.8146572 4.947185E-08 -1.434593E-08 1 1 1 9.978129E-15 -1.748601E-14 -4.65661E-10 1 -1.443823E-15 0.508 -0.0177468 2.54 2.54 2.54 -0.7071068 8.733639E-16 2.943919E-17 0.7071067  
			<Transforms>: 4 0.1333333 0 0 0 1 1 1 0 0 0 1 0 0 0 2.54 2.54 2.54 -3.774895E-08 0 0 1 -5.169836E-11 0.00770565 -0.001182719 1 0.9999999 1 0.6101746 -0.3573333 0.6101745 -0.3573332 -0.359188 0.4715279 1.232092E-07 1 1 1 -0.006632888 0.02164802 0.7442945 0.6674677 -0.8146572 4.947185E-08 -1.434593E-08 1 1 1 9.978129E-15 -1.748601E-14 -4.65661E-10 1 -1.443823E-15 0.508 -0.0177468 2.54 2.54 2.54 -0.7071068 8.733639E-16 2.943919E-17 0.7071067  
			<Transforms>: 5 0.1666667 0 0 0 1 1 1 0 0 0 1 0 0 0 2.54 2.54 2.54 -3.774895E-08 0 0 1 -5.169836E-11 0.00770565 -0.001182719 1 0.9999999 1 0.6101746 -0.3573333 0.6101745 -0.3573332 -0.297983 0.344511 -0.01030261 1 1 1 -0.005629158 0.01837213 0.7639154 0.6450304 -0.8146572 4.947185E-08 -1.434593E-08 1 1 1 9.978129E-15 -1.748601E-14 -4.65661E-10 1 -1.443823E-15 0.508 -0.0177468 2.54 2.54 2.54 -0.7071068 8.733639E-16 2.943919E-17 0.7071067  
			<Transforms>: 6 0.2 0 0 0 1 1 1 0 0 0 1 0 0 0 2.54 2.54 2.54 -3.774895E-08 0 0 1 -5.169836E-11 0.00770565 -0.001182719 1 0.9999999 1 0.6101746 -0.3573333 0.6101745 -0.3573332 -0.1526557 0.04128494 -0.03487066 1 1 1 -0.003313513 0.01081454 0.8062202 0.5915074 -0.8146572 4.947185E-08 -1.434593E-08 1 1 1 9.978129E-15 -1.748601E-14 -4.65661E-10 1 -1.443823E-15 0.508 -0.0177468 2.54 2.54 2.54 -0.7071068 8.733639E-16 2.943919E-17 0.7071067  
			<Transforms>: 7 0.2333333 0 0 0 1 1 1 0 0 0 1 0 0 0 2.54 2.54 2.54 -3.774895E-08 0 0 1 -5.169836E-11 0.00770565 -0.001182719 1 0.9999999 1 0.6101746 -0.3573333 0.6101745 -0.3573332 0.01936171 -0.3214131 -0.06419381 1 1 1 -0.0004746207 0.001549224 0.8525681 0.5226135 -0.8146572 4.947185E-08 -1.434593E-08 1 1 1 9.978129E-15 -1.748601E-14 -4.65661E-10 1 -1.443823E-15 0.508 -0.0177468 2.54 2.54 2.54 -0.7071068 8.733639E-16 2.943919E-17 0.7071067  
			<Transforms>: 8 0.2666667 0 0 0 1 1 1 0 0 0 1 0 0 0 2.54 2.54 2.54 -3.774895E-08 0 0 1 -5.169836E-11 0.00770565 -0.001182719 1 0.9999999 1 0.6101746 -0.3573333 0.6101745 -0.3573332 0.1606371 -0.6268461 -0.08876185 1 1 1 0.001905033 -0.006217269 0.8867949 0.4621175 -0.8146572 4.947185E-08 -1.434593E-08 1 1 1 9.978129E-15 -1.748601E-14 -4.65661E-10 1 -1.443823E-15 0.508 -0.0177468 2.54 2.54 2.54 -0.7071068 8.733639E-16 2.943919E-17 0.7071067  
			<Transforms>: 9 0.3 0 0 0 1 1 1 0 0 0 1 0 0 0 2.54 2.54 2.54 -3.774895E-08 0 0 1 -5.169836E-11 0.00770565 -0.001182719 1 0.9999999 1 0.6101746 -0.3573333 0.6101745 -0.3573332 0.213738 -0.7582763 -0.0990646 1 1 1 0.002884741 -0.009414754 0.899659 0.4364822 -0.8146572 4.947185E-08 -1.434593E-08 1 1 1 9.978129E-15 -1.748601E-14 -4.65661E-10 1 -1.443823E-15 0.508 -0.0177468 2.54 2.54 2.54 -0.7071068 8.733639E-16 2.943919E-17 0.7071067  
			<Transforms>: 10 0.3333333 0 0 0 1 1 1 0 0 0 1 0 0 0 2.54 2.54 2.54 -3.774895E-08 0 0 1 -5.169836E-11 0.00770565 -0.001182719 1 0.9999999 1 0.6101746 -0.3573333 0.6101745 -0.3573332 0.1911897 -0.7386597 -0.09629077 1 1 1 0.002900026 -0.00946464 0.899854 0.436079 -0.8146572 4.947185E-08 -1.434593E-08 1 1 1 9.978129E-15 -1.748601E-14 -4.65661E-10 1 -1.443823E-15 0.508 -0.0177468 2.54 2.54 2.54 -0.7071068 8.733639E-16 2.943919E-17 0.7071067  
			<Transforms>: 11 0.3666667 0 0 0 1 1 1 0 0 0 1 0 0 0 2.54 2.54 2.54 -3.774895E-08 0 0 1 -5.169836E-11 0.00770565 -0.001182719 1 0.9999999 1 0.6101746 -0.3573333 0.6101745 -0.3573332 0.1474977 -0.675878 -0.08876186 1 1 1 0.002583853 -0.008432744 0.8957846 0.4444008 -0.8146572 4.947185E-08 -1.434593E-08 1 1 1 9.978129E-15 -1.748601E-14 -4.65661E-10 1 -1.443823E-15 0.508 -0.0177468 2.54 2.54 2.54 -0.7071068 8.733639E-16 2.943919E-17 0.7071067  
			<Transforms>: 12 0.4 0 0 0 1 1 1 0 0 0 1 0 0 0 2.54 2.54 2.54 -3.774895E-08 0 0 1 -5.169836E-11 0.00770565 -0.001182719 1 0.9999999 1 0.6101746 -0.3573333 0.6101745 -0.3573332 0.08820129 -0.5805849 -0.07766663 1 1 1 0.002274072 -0.007421706 0.8917249 0.4525113 -0.8146572 4.947185E-08 -1.434593E-08 1 1 1 9.978129E-15 -1.748601E-14 -4.65661E-10 1 -1.443823E-15 0.508 -0.0177468 2.54 2.54 2.54 -0.7071068 8.733639E-16 2.943919E-17 0.7071067  
			<Transforms>: 13 0.4333333 0 0 0 1 1 1 0 0 0 1 0 0 0 2.54 2.54 2.54 -3.774895E-08 0 0 1 -5.169836E-11 0.00770565 -0.001182719 1 0.9999999 1 0.6101746 -0.3573333 0.6101745 -0.3573332 0.01883963 -0.4634335 -0.06419384 1 1 1 0.00190554 -0.006218926 0.8868017 0.4621044 -0.8146572 4.947185E-08 -1.434593E-08 1 1 1 9.978129E-15 -1.748601E-14 -4.65661E-10 1 -1.443823E-15 0.508 -0.0177468 2.54 2.54 2.54 -0.7071068 8.733639E-16 2.943919E-17 0.7071067  
			<Transforms>: 14 0.4666667 0 0 0 1 1 1 0 0 0 1 0 0 0 2.54 2.54 2.54 -3.774895E-08 0 0 1 -5.169836E-11 0.00770565 -0.001182719 1 0.9999999 1 0.6101746 -0.3573333 0.6101745 -0.3573332 -0.05479499 -0.3349392 -0.04953227 1 1 1 0.001505605 -0.004913653 0.8813443 0.4724467 -0.8146572 4.947185E-08 -1.434593E-08 1 1 1 9.978129E-15 -1.748601E-14 -4.65661E-10 1 -1.443823E-15 0.508 -0.0177468 2.54 2.54 2.54 -0.7071068 8.733639E-16 2.943919E-17 0.7071067  
			<Transforms>: 15 0.5 0 0 0 1 1 1 0 0 0 1 0 0 0 2.54 2.54 2.54 -3.774895E-08 0 0 1 -5.169836E-11 0.00770565 -0.001182719 1 0.9999999 1 0.6101746 -0.3573333 0.6101745 -0.3573332 -0.1279231 -0.2061691 -0.03487072 1 1 1 0.001101786 -0.003595705 0.8757129 0.4828176 -0.8146572 4.947185E-08 -1.434593E-08 1 1 1 9.978129E-15 -1.748601E-14 -4.65661E-10 1 -1.443823E-15 0.508 -0.0177468 2.54 2.54 2.54 -0.7071068 8.733639E-16 2.943919E-17 0.7071067  
			<Transforms>: 16 0.5333334 0 0 0 1 1 1 0 0 0 1 0 0 0 2.54 2.54 2.54 -3.774895E-08 0 0 1 -5.169836E-11 0.00770565 -0.001182719 1 0.9999999 1 0.6101746 -0.3573333 0.6101745 -0.3573332 -0.1942458 -0.08736266 -0.02139793 1 1 1 0.0007217107 -0.002355251 0.8703016 0.492513 -0.8146572 4.947185E-08 -1.434593E-08 1 1 1 9.978129E-15 -1.748601E-14 -4.65661E-10 1 -1.443823E-15 0.508 -0.0177468 2.54 2.54 2.54 -0.7071068 8.733639E-16 2.943919E-17 0.7071067  
			<Transforms>: 17 0.5666667 0 0 0 1 1 1 0 0 0 1 0 0 0 2.54 2.54 2.54 -3.774895E-08 0 0 1 -5.169836E-11 0.00770565 -0.001182719 1 0.9999999 1 0.6101746 -0.3573333 0.6101745 -0.3573332 -0.2484772 0.01068902 -0.01030266 1 1 1 0.0003930225 -0.001282508 0.8655354 0.500846 -0.8146572 4.947185E-08 -1.434593E-08 1 1 1 9.978129E-15 -1.748601E-14 -4.65661E-10 1 -1.443823E-15 0.508 -0.0177468 2.54 2.54 2.54 -0.7071068 8.733639E-16 2.943919E-17 0.7071067  
			<Transforms>: 18 0.6000001 0 0 0 1 1 1 0 0 0 1 0 0 0 2.54 2.54 2.54 -3.774895E-08 0 0 1 -5.169836E-11 0.00770565 -0.001182719 1 0.9999999 1 0.6101746 -0.3573333 0.6101745 -0.3573332 -0.285078 0.07733231 -0.002773774 1 1 1 0.0001433057 -0.0004675056 0.8618606 0.507145 -0.8146572 4.947185E-08 -1.434593E-08 1 1 1 9.978129E-15 -1.748601E-14 -4.65661E-10 1 -1.443823E-15 0.508 -0.0177468 2.54 2.54 2.54 -0.7071068 8.733639E-16 2.943919E-17 0.7071067  
			<Transforms>: 19 0.6333334 0 0 0 1 1 1 0 0 0 1 0 0 0 2.54 2.54 2.54 -3.774895E-08 0 0 1 -5.169836E-11 0.00770565 -0.001182719 1 0.9999999 1 0.6101746 -0.3573333 0.6101745 -0.3573332 -0.2985092 0.1019141 3.875396E-08 1 1 1 7.405545E-08 -3.654002E-08 0.8597319 0.5107457 -0.8146572 4.947185E-08 -1.434593E-08 1 1 1 9.978129E-15 -1.748601E-14 -4.65661E-10 1 -1.443823E-15 0.508 -0.0177468 2.54 2.54 2.54 -0.7071068 8.733639E-16 2.943919E-17 0.7071067  
		<AnimationSet>: 5 attack 0.6333334 30 20
			<Transforms>: 0 0 0 0 0 1 1 1 0 0 0 1 0 0 0 2.54 2.54 2.54 -3.774895E-08 0 0 1 -5.169836E-11 0.00770565 -0.001182719 1 0.9999999 1 0.6101746 -0.3573333 0.6101745 -0.3573332 -0.2985092 0.1019141 1.232092E-07 1 1 1 7.405545E-08 -3.654002E-08 0.8597319 0.5107457 -0.8146572 4.947185E-08 -1.434593E-08 1 1 1 9.978129E-15 -1.748601E-14 -4.65661E-10 1 -1.443823E-15 0.508 -0.0177468 2.54 2.54 2.54 -0.7071068 8.733639E-16 2.943919E-17 0.7071067  
			<Transforms>: 1 0.03333334 0 0 0 1 1 1 0 0 0 1 0 0 0 2.54 2.54 2.54 -3.774895E-08 0 0 1 -5.169836E-11 0.00770565 -0.001182719 1 0.9999999 1 0.6101746 -0.3573333 0.6101745 -0.3573332 -0.3079903 0.1596663 1.232092E-07 1 1 1 -0.001038959 0.003391065 0.8438335 0.5365934 -0.8146572 4.947185E-08 -1.434593E-08 1 1 1 9.978129E-15 -1.748601E-14 -4.65661E-10 1 -1.443823E-15 0.508 -0.0177468 2.54 2.54 2.54 -0.7071068 8.733639E-16 2.943919E-17 0.7071067  
			<Transforms>: 2 0.06666667 0 0 0 1 1 1 0 0 0 1 0 0 0 2.54 2.54 2.54 -3.774895E-08 0 0 1 -5.169836E-11 0.00770565 -0.001182719 1 0.9999999 1 0.6101746 -0.3573333 0.6101745 -0.3573332 -0.3288486 0.286721 1.232092E-07 1 1 1 -0.003332442 0.01087632 0.8058909 0.5919549 -0.8146572 4.947185E-08 -1.434593E-08 1 1 1 9.978129E-15 -1.748601E-14 -4.65661E-10 1 -1.443823E-15 0.508 -0.0177468 2.54 2.54 2.54 -0.7071068 8.733639E-16 2.943919E-17 0.7071067  
			<Transforms>: 3 0.1 0 0 0 1 1 1 0 0 0 1 0 0 0 2.54 2.54 2.54 -3.774895E-08 0 0 1 -5.169836E-11 0.00770565 -0.001182719 1 0.9999999 1 0.6101746 -0.3573333 0.6101745 -0.3573332 -0.349707 0.4137757 1.232092E-07 1 1 1 -0.005548691 0.01810951 0.7654544 0.6432115 -0.8146572 4.947185E-08 -1.434593E-08 1 1 1 9.978129E-15 -1.748601E-14 -4.65661E-10 1 -1.443823E-15 0.508 -0.0177468 2.54 2.54 2.54 -0.7071068 8.733639E-16 2.943919E-17 0.7071067  
			<Transforms>: 4 0.1333333 0 0 0 1 1 1 0 0 0 1 0 0 0 2.54 2.54 2.54 -3.774895E-08 0 0 1 -5.169836E-11 0.00770565 -0.001182719 1 0.9999999 1 0.6101746 -0.3573333 0.6101745 -0.3573332 -0.359188 0.4715279 1.232092E-07 1 1 1 -0.006632888 0.02164802 0.7442945 0.6674677 -0.8146572 4.947185E-08 -1.434593E-08 1 1 1 9.978129E-15 -1.748601E-14 -4.65661E-10 1 -1.443823E-15 0.508 -0.0177468 2.54 2.54 2.54 -0.7071068 8.733639E-16 2.943919E-17 0.7071067  
			<Transforms>: 5 0.1666667 0 0 0 1 1 1 0 0 0 1 0 0 0 2.54 2.54 2.54 -3.774895E-08 0 0 1 -5.169836E-11 0.00770565 -0.001182719 1 0.9999999 1 0.6101746 -0.3573333 0.6101745 -0.3573332 -0.297983 0.344511 -0.01030261 1 1 1 -0.005629158 0.01837213 0.7639154 0.6450304 -0.8146572 4.947185E-08 -1.434593E-08 1 1 1 9.978129E-15 -1.748601E-14 -4.65661E-10 1 -1.443823E-15 0.508 -0.0177468 2.54 2.54 2.54 -0.7071068 8.733639E-16 2.943919E-17 0.7071067  
			<Transforms>: 6 0.2 0 0 0 1 1 1 0 0 0 1 0 0 0 2.54 2.54 2.54 -3.774895E-08 0 0 1 -5.169836E-11 0.00770565 -0.001182719 1 0.9999999 1 0.6101746 -0.3573333 0.6101745 -0.3573332 -0.1526557 0.04128494 -0.03487066 1 1 1 -0.003313513 0.01081454 0.8062202 0.5915074 -0.8146572 4.947185E-08 -1.434593E-08 1 1 1 9.978129E-15 -1.748601E-14 -4.65661E-10 1 -1.443823E-15 0.508 -0.0177468 2.54 2.54 2.54 -0.7071068 8.733639E-16 2.943919E-17 0.7071067  
			<Transforms>: 7 0.2333333 0 0 0 1 1 1 0 0 0 1 0 0 0 2.54 2.54 2.54 -3.774895E-08 0 0 1 -5.169836E-11 0.00770565 -0.001182719 1 0.9999999 1 0.6101746 -0.3573333 0.6101745 -0.3573332 0.01936171 -0.3214131 -0.06419381 1 1 1 -0.0004746207 0.001549224 0.8525681 0.5226135 -0.8146572 4.947185E-08 -1.434593E-08 1 1 1 9.978129E-15 -1.748601E-14 -4.65661E-10 1 -1.443823E-15 0.508 -0.0177468 2.54 2.54 2.54 -0.7071068 8.733639E-16 2.943919E-17 0.7071067  
			<Transforms>: 8 0.2666667 0 0 0 1 1 1 0 0 0 1 0 0 0 2.54 2.54 2.54 -3.774895E-08 0 0 1 -5.169836E-11 0.00770565 -0.001182719 1 0.9999999 1 0.6101746 -0.3573333 0.6101745 -0.3573332 0.1606371 -0.6268461 -0.08876185 1 1 1 0.001905033 -0.006217269 0.8867949 0.4621175 -0.8146572 4.947185E-08 -1.434593E-08 1 1 1 9.978129E-15 -1.748601E-14 -4.65661E-10 1 -1.443823E-15 0.508 -0.0177468 2.54 2.54 2.54 -0.7071068 8.733639E-16 2.943919E-17 0.7071067  
			<Transforms>: 9 0.3 0 0 0 1 1 1 0 0 0 1 0 0 0 2.54 2.54 2.54 -3.774895E-08 0 0 1 -5.169836E-11 0.00770565 -0.001182719 1 0.9999999 1 0.6101746 -0.3573333 0.6101745 -0.3573332 0.213738 -0.7582763 -0.0990646 1 1 1 0.002884741 -0.009414754 0.899659 0.4364822 -0.8146572 4.947185E-08 -1.434593E-08 1 1 1 9.978129E-15 -1.748601E-14 -4.65661E-10 1 -1.443823E-15 0.508 -0.0177468 2.54 2.54 2.54 -0.7071068 8.733639E-16 2.943919E-17 0.7071067  
			<Transforms>: 10 0.3333333 0 0 0 1 1 1 0 0 0 1 0 0 0 2.54 2.54 2.54 -3.774895E-08 0 0 1 -5.169836E-11 0.00770565 -0.001182719 1 0.9999999 1 0.6101746 -0.3573333 0.6101745 -0.3573332 0.1911897 -0.7386597 -0.09629077 1 1 1 0.002900026 -0.00946464 0.899854 0.436079 -0.8146572 4.947185E-08 -1.434593E-08 1 1 1 9.978129E-15 -1.748601E-14 -4.65661E-10 1 -1.443823E-15 0.508 -0.0177468 2.54 2.54 2.54 -0.7071068 8.733639E-16 2.943919E-17 0.7071067  
			<Transforms>: 11 0.3666667 0 0 0 1 1 1 0 0 0 1 0 0 0 2.54 2.54 2.54 -3.774895E-08 0 0 1 -5.169836E-11 0.00770565 -0.001182719 1 0.9999999 1 0.6101746 -0.3573333 0.6101745 -0.3573332 0.1474977 -0.675878 -0.08876186 1 1 1 0.002583853 -0.008432744 0.8957846 0.4444008 -0.8146572 4.947185E-08 -1.434593E-08 1 1 1 9.978129E-15 -1.748601E-14 -4.65661E-10 1 -1.443823E-15 0.508 -0.0177468 2.54 2.54 2.54 -0.7071068 8.733639E-16 2.943919E-17 0.7071067  
			<Transforms>: 12 0.4 0 0 0 1 1 1 0 0 0 1 0 0 0 2.54 2.54 2.54 -3.774895E-08 0 0 1 -5.169836E-11 0.00770565 -0.001182719 1 0.9999999 1 0.6101746 -0.3573333 0.6101745 -0.3573332 0.08820129 -0.5805849 -0.07766663 1 1 1 0.002274072 -0.007421706 0.8917249 0.4525113 -0.8146572 4.947185E-08 -1.434593E-08 1 1 1 9.978129E-15 -1.748601E-14 -4.65661E-10 1 -1.443823E-15 0.508 -0.0177468 2.54 2.54 2.54 -0.7071068 8.733639E-16 2.943919E-17 0.7071067  
			<Transforms>: 13 0.4333333 0 0 0 1 1 1 0 0 0 1 0 0 0 2.54 2.54 2.54 -3.774895E-08 0 0 1 -5.169836E-11 0.00770565 -0.001182719 1 0.9999999 1 0.6101746 -0.3573333 0.6101745 -0.3573332 0.01883963 -0.4634335 -0.06419384 1 1 1 0.00190554 -0.006218926 0.8868017 0.4621044 -0.8146572 4.947185E-08 -1.434593E-08 1 1 1 9.978129E-15 -1.748601E-14 -4.65661E-10 1 -1.443823E-15 0.508 -0.0177468 2.54 2.54 2.54 -0.7071068 8.733639E-16 2.943919E-17 0.7071067  
			<Transforms>: 14 0.4666667 0 0 0 1 1 1 0 0 0 1 0 0 0 2.54 2.54 2.54 -3.774895E-08 0 0 1 -5.169836E-11 0.00770565 -0.001182719 1 0.9999999 1 0.6101746 -0.3573333 0.6101745 -0.3573332 -0.05479499 -0.3349392 -0.04953227 1 1 1 0.001505605 -0.004913653 0.8813443 0.4724467 -0.8146572 4.947185E-08 -1.434593E-08 1 1 1 9.978129E-15 -1.748601E-14 -4.65661E-10 1 -1.443823E-15 0.508 -0.0177468 2.54 2.54 2.54 -0.7071068 8.733639E-16 2.943919E-17 0.7071067  
			<Transforms>: 15 0.5 0 0 0 1 1 1 0 0 0 1 0 0 0 2.54 2.54 2.54 -3.774895E-08 0 0 1 -5.169836E-11 0.00770565 -0.001182719 1 0.9999999 1 0.6101746 -0.3573333 0.6101745 -0.3573332 -0.1279231 -0.2061691 -0.03487072 1 1 1 0.001101786 -0.003595705 0.8757129 0.4828176 -0.8146572 4.947185E-08 -1.434593E-08 1 1 1 9.978129E-15 -1.748601E-14 -4.65661E-10 1 -1.443823E-15 0.508 -0.0177468 2.54 2.54 2.54 -0.7071068 8.733639E-16 2.943919E-17 0.7071067  
			<Transforms>: 16 0.5333334 0 0 0 1 1 1 0 0 0 1 0 0 0 2.54 2.54 2.54 -3.774895E-08 0 0 1 -5.169836E-11 0.00770565 -0.001182719 1 0.9999999 1 0.6101746 -0.3573333 0.6101745 -0.3573332 -0.1942458 -0.08736266 -0.02139793 1 1 1 0.0007217107 -0.002355251 0.8703016 0.492513 -0.8146572 4.947185E-08 -1.434593E-08 1 1 1 9.978129E-15 -1.748601E-14 -4.65661E-10 1 -1.443823E-15 0.508 -0.0177468 2.54 2.54 2.54 -0.7071068 8.733639E-16 2.943919E-17 0.7071067  
			<Transforms>: 17 0.5666667 0 0 0 1 1 1 0 0 0 1 0 0 0 2.54 2.54 2.54 -3.774895E-08 0 0 1 -5.169836E-11 0.00770565 -0.001182719 1 0.9999999 1 0.6101746 -0.3573333 0.6101745 -0.3573332 -0.2484772 0.01068902 -0.01030266 1 1 1 0.0003930225 -0.001282508 0.8655354 0.500846 -0.8146572 4.947185E-08 -1.434593E-08 1 1 1 9.978129E-15 -1.748601E-14 -4.65661E-10 1 -1.443823E-15 0.508 -0.0177468 2.54 2.54 2.54 -0.7071068 8.733639E-16 2.943919E-17 0.7071067  
			<Transforms>: 18 0.6000001 0 0 0 1 1 1 0 0 0 1 0 0 0 2.54 2.54 2.54 -3.774895E-08 0 0 1 -5.169836E-11 0.00770565 -0.001182719 1 0.9999999 1 0.6101746 -0.3573333 0.6101745 -0.3573332 -0.285078 0.07733231 -0.002773774 1 1 1 0.0001433057 -0.0004675056 0.8618606 0.507145 -0.8146572 4.947185E-08 -1.434593E-08 1 1 1 9.978129E-15 -1.748601E-14 -4.65661E-10 1 -1.443823E-15 0.508 -0.0177468 2.54 2.54 2.54 -0.7071068 8.733639E-16 2.943919E-17 0.7071067  
			<Transforms>: 19 0.6333334 0 0 0 1 1 1 0 0 0 1 0 0 0 2.54 2.54 2.54 -3.774895E-08 0 0 1 -5.169836E-11 0.00770565 -0.001182719 1 0.9999999 1 0.6101746 -0.3573333 0.6101745 -0.3573332 -0.2985092 0.1019141 3.875396E-08 1 1 1 7.405545E-08 -3.654002E-08 0.8597319 0.5107457 -0.8146572 4.947185E-08 -1.434593E-08 1 1 1 9.978129E-15 -1.748601E-14 -4.65661E-10 1 -1.443823E-15 0.508 -0.0177468 2.54 2.54 2.54 -0.7071068 8.733639E-16 2.943919E-17 0.7071067  
		<AnimationSet>: 6 attack 0.6333334 30 20
			<Transforms>: 0 0 0 0 0 1 1 1 0 0 0 1 0 0 0 2.54 2.54 2.54 -3.774895E-08 0 0 1 -5.169836E-11 0.00770565 -0.001182719 1 0.9999999 1 0.6101746 -0.3573333 0.6101745 -0.3573332 -0.2985092 0.1019141 1.232092E-07 1 1 1 7.405545E-08 -3.654002E-08 0.8597319 0.5107457 -0.8146572 4.947185E-08 -1.434593E-08 1 1 1 9.978129E-15 -1.748601E-14 -4.65661E-10 1 -1.443823E-15 0.508 -0.0177468 2.54 2.54 2.54 -0.7071068 8.733639E-16 2.943919E-17 0.7071067  
			<Transforms>: 1 0.03333334 0 0 0 1 1 1 0 0 0 1 0 0 0 2.54 2.54 2.54 -3.774895E-08 0 0 1 -5.169836E-11 0.00770565 -0.001182719 1 0.9999999 1 0.6101746 -0.3573333 0.6101745 -0.3573332 -0.3079903 0.1596663 1.232092E-07 1 1 1 -0.001038959 0.003391065 0.8438335 0.5365934 -0.8146572 4.947185E-08 -1.434593E-08 1 1 1 9.978129E-15 -1.748601E-14 -4.65661E-10 1 -1.443823E-15 0.508 -0.0177468 2.54 2.54 2.54 -0.7071068 8.733639E-16 2.943919E-17 0.7071067  
			<Transforms>: 2 0.06666667 0 0 0 1 1 1 0 0 0 1 0 0 0 2.54 2.54 2.54 -3.774895E-08 0 0 1 -5.169836E-11 0.00770565 -0.001182719 1 0.9999999 1 0.6101746 -0.3573333 0.6101745 -0.3573332 -0.3288486 0.286721 1.232092E-07 1 1 1 -0.003332442 0.01087632 0.8058909 0.5919549 -0.8146572 4.947185E-08 -1.434593E-08 1 1 1 9.978129E-15 -1.748601E-14 -4.65661E-10 1 -1.443823E-15 0.508 -0.0177468 2.54 2.54 2.54 -0.7071068 8.733639E-16 2.943919E-17 0.7071067  
			<Transforms>: 3 0.1 0 0 0 1 1 1 0 0 0 1 0 0 0 2.54 2.54 2.54 -3.774895E-08 0 0 1 -5.169836E-11 0.00770565 -0.001182719 1 0.9999999 1 0.6101746 -0.3573333 0.6101745 -0.3573332 -0.349707 0.4137757 1.232092E-07 1 1 1 -0.005548691 0.01810951 0.7654544 0.6432115 -0.8146572 4.947185E-08 -1.434593E-08 1 1 1 9.978129E-15 -1.748601E-14 -4.65661E-10 1 -1.443823E-15 0.508 -0.0177468 2.54 2.54 2.54 -0.7071068 8.733639E-16 2.943919E-17 0.7071067  
			<Transforms>: 4 0.1333333 0 0 0 1 1 1 0 0 0 1 0 0 0 2.54 2.54 2.54 -3.774895E-08 0 0 1 -5.169836E-11 0.00770565 -0.001182719 1 0.9999999 1 0.6101746 -0.3573333 0.6101745 -0.3573332 -0.359188 0.4715279 1.232092E-07 1 1 1 -0.006632888 0.02164802 0.7442945 0.6674677 -0.8146572 4.947185E-08 -1.434593E-08 1 1 1 9.978129E-15 -1.748601E-14 -4.65661E-10 1 -1.443823E-15 0.508 -0.0177468 2.54 2.54 2.54 -0.7071068 8.733639E-16 2.943919E-17 0.7071067  
			<Transforms>: 5 0.1666667 0 0 0 1 1 1 0 0 0 1 0 0 0 2.54 2.54 2.54 -3.774895E-08 0 0 1 -5.169836E-11 0.00770565 -0.001182719 1 0.9999999 1 0.6101746 -0.3573333 0.6101745 -0.3573332 -0.297983 0.344511 -0.01030261 1 1 1 -0.005629158 0.01837213 0.7639154 0.6450304 -0.8146572 4.947185E-08 -1.434593E-08 1 1 1 9.978129E-15 -1.748601E-14 -4.65661E-10 1 -1.443823E-15 0.508 -0.0177468 2.54 2.54 2.54 -0.7071068 8.733639E-16 2.943919E-17 0.7071067  
			<Transforms>: 6 0.2 0 0 0 1 1 1 0 0 0 1 0 0 0 2.54 2.54 2.54 -3.774895E-08 0 0 1 -5.169836E-11 0.00770565 -0.001182719 1 0.9999999 1 0.6101746 -0.3573333 0.6101745 -0.3573332 -0.1526557 0.04128494 -0.03487066 1 1 1 -0.003313513 0.01081454 0.8062202 0.5915074 -0.8146572 4.947185E-08 -1.434593E-08 1 1 1 9.978129E-15 -1.748601E-14 -4.65661E-10 1 -1.443823E-15 0.508 -0.0177468 2.54 2.54 2.54 -0.7071068 8.733639E-16 2.943919E-17 0.7071067  
			<Transforms>: 7 0.2333333 0 0 0 1 1 1 0 0 0 1 0 0 0 2.54 2.54 2.54 -3.774895E-08 0 0 1 -5.169836E-11 0.00770565 -0.001182719 1 0.9999999 1 0.6101746 -0.3573333 0.6101745 -0.3573332 0.01936171 -0.3214131 -0.06419381 1 1 1 -0.0004746207 0.001549224 0.8525681 0.5226135 -0.8146572 4.947185E-08 -1.434593E-08 1 1 1 9.978129E-15 -1.748601E-14 -4.65661E-10 1 -1.443823E-15 0.508 -0.0177468 2.54 2.54 2.54 -0.7071068 8.733639E-16 2.943919E-17 0.7071067  
			<Transforms>: 8 0.2666667 0 0 0 1 1 1 0 0 0 1 0 0 0 2.54 2.54 2.54 -3.774895E-08 0 0 1 -5.169836E-11 0.00770565 -0.001182719 1 0.9999999 1 0.6101746 -0.3573333 0.6101745 -0.3573332 0.1606371 -0.6268461 -0.08876185 1 1 1 0.001905033 -0.006217269 0.8867949 0.4621175 -0.8146572 4.947185E-08 -1.434593E-08 1 1 1 9.978129E-15 -1.748601E-14 -4.65661E-10 1 -1.443823E-15 0.508 -0.0177468 2.54 2.54 2.54 -0.7071068 8.733639E-16 2.943919E-17 0.7071067  
			<Transforms>: 9 0.3 0 0 0 1 1 1 0 0 0 1 0 0 0 2.54 2.54 2.54 -3.774895E-08 0 0 1 -5.169836E-11 0.00770565 -0.001182719 1 0.9999999 1 0.6101746 -0.3573333 0.6101745 -0.3573332 0.213738 -0.7582763 -0.0990646 1 1 1 0.002884741 -0.009414754 0.899659 0.4364822 -0.8146572 4.947185E-08 -1.434593E-08 1 1 1 9.978129E-15 -1.748601E-14 -4.65661E-10 1 -1.443823E-15 0.508 -0.0177468 2.54 2.54 2.54 -0.7071068 8.733639E-16 2.943919E-17 0.7071067  
			<Transforms>: 10 0.3333333 0 0 0 1 1 1 0 0 0 1 0 0 0 2.54 2.54 2.54 -3.774895E-08 0 0 1 -5.169836E-11 0.00770565 -0.001182719 1 0.9999999 1 0.6101746 -0.3573333 0.6101745 -0.3573332 0.1911897 -0.7386597 -0.09629077 1 1 1 0.002900026 -0.00946464 0.899854 0.436079 -0.8146572 4.947185E-08 -1.434593E-08 1 1 1 9.978129E-15 -1.748601E-14 -4.65661E-10 1 -1.443823E-15 0.508 -0.0177468 2.54 2.54 2.54 -0.7071068 8.733639E-16 2.943919E-17 0.7071067  
			<Transforms>: 11 0.3666667 0 0 0 1 1 1 0 0 0 1 0 0 0 2.54 2.54 2.54 -3.774895E-08 0 0 1 -5.169836E-11 0.00770565 -0.001182719 1 0.9999999 1 0.6101746 -0.3573333 0.6101745 -0.3573332 0.1474977 -0.675878 -0.08876186 1 1 1 0.002583853 -0.008432744 0.8957846 0.4444008 -0.8146572 4.947185E-08 -1.434593E-08 1 1 1 9.978129E-15 -1.748601E-14 -4.65661E-10 1 -1.443823E-15 0.508 -0.0177468 2.54 2.54 2.54 -0.7071068 8.733639E-16 2.943919E-17 0.7071067  
			<Transforms>: 12 0.4 0 0 0 1 1 1 0 0 0 1 0 0 0 2.54 2.54 2.54 -3.774895E-08 0 0 1 -5.169836E-11 0.00770565 -0.001182719 1 0.9999999 1 0.6101746 -0.3573333 0.6101745 -0.3573332 0.08820129 -0.5805849 -0.07766663 1 1 1 0.002274072 -0.007421706 0.8917249 0.4525113 -0.8146572 4.947185E-08 -1.434593E-08 1 1 1 9.978129E-15 -1.748601E-14 -4.65661E-10 1 -1.443823E-15 0.508 -0.0177468 2.54 2.54 2.54 -0.7071068 8.733639E-16 2.943919E-17 0.7071067  
			<Transforms>: 13 0.4333333 0 0 0 1 1 1 0 0 0 1 0 0 0 2.54 2.54 2.54 -3.774895E-08 0 0 1 -5.169836E-11 0.00770565 -0.001182719 1 0.9999999 1 0.6101746 -0.3573333 0.6101745 -0.3573332 0.01883963 -0.4634335 -0.06419384 1 1 1 0.00190554 -0.006218926 0.8868017 0.4621044 -0.8146572 4.947185E-08 -1.434593E-08 1 1 1 9.978129E-15 -1.748601E-14 -4.65661E-10 1 -1.443823E-15 0.508 -0.0177468 2.54 2.54 2.54 -0.7071068 8.733639E-16 2.943919E-17 0.7071067  
			<Transforms>: 14 0.4666667 0 0 0 1 1 1 0 0 0 1 0 0 0 2.54 2.54 2.54 -3.774895E-08 0 0 1 -5.169836E-11 0.00770565 -0.001182719 1 0.9999999 1 0.6101746 -0.3573333 0.6101745 -0.3573332 -0.05479499 -0.3349392 -0.04953227 1 1 1 0.001505605 -0.004913653 0.8813443 0.4724467 -0.8146572 4.947185E-08 -1.434593E-08 1 1 1 9.978129E-15 -1.748601E-14 -4.65661E-10 1 -1.443823E-15 0.508 -0.0177468 2.54 2.54 2.54 -0.7071068 8.733639E-16 2.943919E-17 0.7071067  
			<Transforms>: 15 0.5 0 0 0 1 1 1 0 0 0 1 0 0 0 2.54 2.54 2.54 -3.774895E-08 0 0 1 -5.169836E-11 0.00770565 -0.001182719 1 0.9999999 1 0.6101746 -0.3573333 0.6101745 -0.3573332 -0.1279231 -0.2061691 -0.03487072 1 1 1 0.001101786 -0.003595705 0.8757129 0.4828176 -0.8146572 4.947185E-08 -1.434593E-08 1 1 1 9.978129E-15 -1.748601E-14 -4.65661E-10 1 -1.443823E-15 0.508 -0.0177468 2.54 2.54 2.54 -0.7071068 8.733639E-16 2.943919E-17 0.7071067  
			<Transforms>: 16 0.5333334 0 0 0 1 1 1 0 0 0 1 0 0 0 2.54 2.54 2.54 -3.774895E-08 0 0 1 -5.169836E-11 0.00770565 -0.001182719 1 0.9999999 1 0.6101746 -0.3573333 0.6101745 -0.3573332 -0.1942458 -0.08736266 -0.02139793 1 1 1 0.0007217107 -0.002355251 0.8703016 0.492513 -0.8146572 4.947185E-08 -1.434593E-08 1 1 1 9.978129E-15 -1.748601E-14 -4.65661E-10 1 -1.443823E-15 0.508 -0.0177468 2.54 2.54 2.54 -0.7071068 8.733639E-16 2.943919E-17 0.7071067  
			<Transforms>: 17 0.5666667 0 0 0 1 1 1 0 0 0 1 0 0 0 2.54 2.54 2.54 -3.774895E-08 0 0 1 -5.169836E-11 0.00770565 -0.001182719 1 0.9999999 1 0.6101746 -0.3573333 0.6101745 -0.3573332 -0.2484772 0.01068902 -0.01030266 1 1 1 0.0003930225 -0.001282508 0.8655354 0.500846 -0.8146572 4.947185E-08 -1.434593E-08 1 1 1 9.978129E-15 -1.748601E-14 -4.65661E-10 1 -1.443823E-15 0.508 -0.0177468 2.54 2.54 2.54 -0.7071068 8.733639E-16 2.943919E-17 0.7071067  
			<Transforms>: 18 0.6000001 0 0 0 1 1 1 0 0 0 1 0 0 0 2.54 2.54 2.54 -3.774895E-08 0 0 1 -5.169836E-11 0.00770565 -0.001182719 1 0.9999999 1 0.6101746 -0.3573333 0.6101745 -0.3573332 -0.285078 0.07733231 -0.002773774 1 1 1 0.0001433057 -0.0004675056 0.8618606 0.507145 -0.8146572 4.947185E-08 -1.434593E-08 1 1 1 9.978129E-15 -1.748601E-14 -4.65661E-10 1 -1.443823E-15 0.508 -0.0177468 2.54 2.54 2.54 -0.7071068 8.733639E-16 2.943919E-17 0.7071067  
			<Transforms>: 19 0.6333334 0 0 0 1 1 1 0 0 0 1 0 0 0 2.54 2.54 2.54 -3.774895E-08 0 0 1 -5.169836E-11 0.00770565 -0.001182719 1 0.9999999 1 0.6101746 -0.3573333 0.6101745 -0.3573332 -0.2985092 0.1019141 3.875396E-08 1 1 1 7.405545E-08 -3.654002E-08 0.8597319 0.5107457 -0.8146572 4.947185E-08 -1.434593E-08 1 1 1 9.978129E-15 -1.748601E-14 -4.65661E-10 1 -1.443823E-15 0.508 -0.0177468 2.54 2.54 2.54 -0.7071068 8.733639E-16 2.943919E-17 0.7071067  
		<AnimationSet>: 7 attack 0.6333334 30 20
			<Transforms>: 0 0 0 0 0 1 1 1 0 0 0 1 0 0 0 2.54 2.54 2.54 -3.774895E-08 0 0 1 -5.169836E-11 0.00770565 -0.001182719 1 0.9999999 1 0.6101746 -0.3573333 0.6101745 -0.3573332 -0.2985092 0.1019141 1.232092E-07 1 1 1 7.405545E-08 -3.654002E-08 0.8597319 0.5107457 -0.8146572 4.947185E-08 -1.434593E-08 1 1 1 9.978129E-15 -1.748601E-14 -4.65661E-10 1 -1.443823E-15 0.508 -0.0177468 2.54 2.54 2.54 -0.7071068 8.733639E-16 2.943919E-17 0.7071067  
			<Transforms>: 1 0.03333334 0 0 0 1 1 1 0 0 0 1 0 0 0 2.54 2.54 2.54 -3.774895E-08 0 0 1 -5.169836E-11 0.00770565 -0.001182719 1 0.9999999 1 0.6101746 -0.3573333 0.6101745 -0.3573332 -0.3079903 0.1596663 1.232092E-07 1 1 1 -0.001038959 0.003391065 0.8438335 0.5365934 -0.8146572 4.947185E-08 -1.434593E-08 1 1 1 9.978129E-15 -1.748601E-14 -4.65661E-10 1 -1.443823E-15 0.508 -0.0177468 2.54 2.54 2.54 -0.7071068 8.733639E-16 2.943919E-17 0.7071067  
			<Transforms>: 2 0.06666667 0 0 0 1 1 1 0 0 0 1 0 0 0 2.54 2.54 2.54 -3.774895E-08 0 0 1 -5.169836E-11 0.00770565 -0.001182719 1 0.9999999 1 0.6101746 -0.3573333 0.6101745 -0.3573332 -0.3288486 0.286721 1.232092E-07 1 1 1 -0.003332442 0.01087632 0.8058909 0.5919549 -0.8146572 4.947185E-08 -1.434593E-08 1 1 1 9.978129E-15 -1.748601E-14 -4.65661E-10 1 -1.443823E-15 0.508 -0.0177468 2.54 2.54 2.54 -0.7071068 8.733639E-16 2.943919E-17 0.7071067  
			<Transforms>: 3 0.1 0 0 0 1 1 1 0 0 0 1 0 0 0 2.54 2.54 2.54 -3.774895E-08 0 0 1 -5.169836E-11 0.00770565 -0.001182719 1 0.9999999 1 0.6101746 -0.3573333 0.6101745 -0.3573332 -0.349707 0.4137757 1.232092E-07 1 1 1 -0.005548691 0.01810951 0.7654544 0.6432115 -0.8146572 4.947185E-08 -1.434593E-08 1 1 1 9.978129E-15 -1.748601E-14 -4.65661E-10 1 -1.443823E-15 0.508 -0.0177468 2.54 2.54 2.54 -0.7071068 8.733639E-16 2.943919E-17 0.7071067  
			<Transforms>: 4 0.1333333 0 0 0 1 1 1 0 0 0 1 0 0 0 2.54 2.54 2.54 -3.774895E-08 0 0 1 -5.169836E-11 0.00770565 -0.001182719 1 0.9999999 1 0.6101746 -0.3573333 0.6101745 -0.3573332 -0.359188 0.4715279 1.232092E-07 1 1 1 -0.006632888 0.02164802 0.7442945 0.6674677 -0.8146572 4.947185E-08 -1.434593E-08 1 1 1 9.978129E-15 -1.748601E-14 -4.65661E-10 1 -1.443823E-15 0.508 -0.0177468 2.54 2.54 2.54 -0.7071068 8.733639E-16 2.943919E-17 0.7071067  
			<Transforms>: 5 0.1666667 0 0 0 1 1 1 0 0 0 1 0 0 0 2.54 2.54 2.54 -3.774895E-08 0 0 1 -5.169836E-11 0.00770565 -0.001182719 1 0.9999999 1 0.6101746 -0.3573333 0.6101745 -0.3573332 -0.297983 0.344511 -0.01030261 1 1 1 -0.005629158 0.01837213 0.7639154 0.6450304 -0.8146572 4.947185E-08 -1.434593E-08 1 1 1 9.978129E-15 -1.748601E-14 -4.65661E-10 1 -1.443823E-15 0.508 -0.0177468 2.54 2.54 2.54 -0.7071068 8.733639E-16 2.943919E-17 0.7071067  
			<Transforms>: 6 0.2 0 0 0 1 1 1 0 0 0 1 0 0 0 2.54 2.54 2.54 -3.774895E-08 0 0 1 -5.169836E-11 0.00770565 -0.001182719 1 0.9999999 1 0.6101746 -0.3573333 0.6101745 -0.3573332 -0.1526557 0.04128494 -0.03487066 1 1 1 -0.003313513 0.01081454 0.8062202 0.5915074 -0.8146572 4.947185E-08 -1.434593E-08 1 1 1 9.978129E-15 -1.748601E-14 -4.65661E-10 1 -1.443823E-15 0.508 -0.0177468 2.54 2.54 2.54 -0.7071068 8.733639E-16 2.943919E-17 0.7071067  
			<Transforms>: 7 0.2333333 0 0 0 1 1 1 0 0 0 1 0 0 0 2.54 2.54 2.54 -3.774895E-08 0 0 1 -5.169836E-11 0.00770565 -0.001182719 1 0.9999999 1 0.6101746 -0.3573333 0.6101745 -0.3573332 0.01936171 -0.3214131 -0.06419381 1 1 1 -0.0004746207 0.001549224 0.8525681 0.5226135 -0.8146572 4.947185E-08 -1.434593E-08 1 1 1 9.978129E-15 -1.748601E-14 -4.65661E-10 1 -1.443823E-15 0.508 -0.0177468 2.54 2.54 2.54 -0.7071068 8.733639E-16 2.943919E-17 0.7071067  
			<Transforms>: 8 0.2666667 0 0 0 1 1 1 0 0 0 1 0 0 0 2.54 2.54 2.54 -3.774895E-08 0 0 1 -5.169836E-11 0.00770565 -0.001182719 1 0.9999999 1 0.6101746 -0.3573333 0.6101745 -0.3573332 0.1606371 -0.6268461 -0.08876185 1 1 1 0.001905033 -0.006217269 0.8867949 0.4621175 -0.8146572 4.947185E-08 -1.434593E-08 1 1 1 9.978129E-15 -1.748601E-14 -4.65661E-10 1 -1.443823E-15 0.508 -0.0177468 2.54 2.54 2.54 -0.7071068 8.733639E-16 2.943919E-17 0.7071067  
			<Transforms>: 9 0.3 0 0 0 1 1 1 0 0 0 1 0 0 0 2.54 2.54 2.54 -3.774895E-08 0 0 1 -5.169836E-11 0.00770565 -0.001182719 1 0.9999999 1 0.6101746 -0.3573333 0.6101745 -0.3573332 0.213738 -0.7582763 -0.0990646 1 1 1 0.002884741 -0.009414754 0.899659 0.4364822 -0.8146572 4.947185E-08 -1.434593E-08 1 1 1 9.978129E-15 -1.748601E-14 -4.65661E-10 1 -1.443823E-15 0.508 -0.0177468 2.54 2.54 2.54 -0.7071068 8.733639E-16 2.943919E-17 0.7071067  
			<Transforms>: 10 0.3333333 0 0 0 1 1 1 0 0 0 1 0 0 0 2.54 2.54 2.54 -3.774895E-08 0 0 1 -5.169836E-11 0.00770565 -0.001182719 1 0.9999999 1 0.6101746 -0.3573333 0.6101745 -0.3573332 0.1911897 -0.7386597 -0.09629077 1 1 1 0.002900026 -0.00946464 0.899854 0.436079 -0.8146572 4.947185E-08 -1.434593E-08 1 1 1 9.978129E-15 -1.748601E-14 -4.65661E-10 1 -1.443823E-15 0.508 -0.0177468 2.54 2.54 2.54 -0.7071068 8.733639E-16 2.943919E-17 0.7071067  
			<Transforms>: 11 0.3666667 0 0 0 1 1 1 0 0 0 1 0 0 0 2.54 2.54 2.54 -3.774895E-08 0 0 1 -5.169836E-11 0.00770565 -0.001182719 1 0.9999999 1 0.6101746 -0.3573333 0.6101745 -0.3573332 0.1474977 -0.675878 -0.08876186 1 1 1 0.002583853 -0.008432744 0.8957846 0.4444008 -0.8146572 4.947185E-08 -1.434593E-08 1 1 1 9.978129E-15 -1.748601E-14 -4.65661E-10 1 -1.443823E-15 0.508 -0.0177468 2.54 2.54 2.54 -0.7071068 8.733639E-16 2.943919E-17 0.7071067  
			<Transforms>: 12 0.4 0 0 0 1 1 1 0 0 0 1 0 0 0 2.54 2.54 2.54 -3.774895E-08 0 0 1 -5.169836E-11 0.00770565 -0.001182719 1 0.9999999 1 0.6101746 -0.3573333 0.6101745 -0.3573332 0.08820129 -0.5805849 -0.07766663 1 1 1 0.002274072 -0.007421706 0.8917249 0.4525113 -0.8146572 4.947185E-08 -1.434593E-08 1 1 1 9.978129E-15 -1.748601E-14 -4.65661E-10 1 -1.443823E-15 0.508 -0.0177468 2.54 2.54 2.54 -0.7071068 8.733639E-16 2.943919E-17 0.7071067  
			<Transforms>: 13 0.4333333 0 0 0 1 1 1 0 0 0 1 0 0 0 2.54 2.54 2.54 -3.774895E-08 0 0 1 -5.169836E-11 0.00770565 -0.001182719 1 0.9999999 1 0.6101746 -0.3573333 0.6101745 -0.3573332 0.01883963 -0.4634335 -0.06419384 1 1 1 0.00190554 -0.006218926 0.8868017 0.4621044 -0.8146572 4.947185E-08 -1.434593E-08 1 1 1 9.978129E-15 -1.748601E-14 -4.65661E-10 1 -1.443823E-15 0.508 -0.0177468 2.54 2.54 2.54 -0.7071068 8.733639E-16 2.943919E-17 0.7071067  
			<Transforms>: 14 0.4666667 0 0 0 1 1 1 0 0 0 1 0 0 0 2.54 2.54 2.54 -3.774895E-08 0 0 1 -5.169836E-11 0.00770565 -0.001182719 1 0.9999999 1 0.6101746 -0.3573333 0.6101745 -0.3573332 -0.05479499 -0.3349392 -0.04953227 1 1 1 0.001505605 -0.004913653 0.8813443 0.4724467 -0.8146572 4.947185E-08 -1.434593E-08 1 1 1 9.978129E-15 -1.748601E-14 -4.65661E-10 1 -1.443823E-15 0.508 -0.0177468 2.54 2.54 2.54 -0.7071068 8.733639E-16 2.943919E-17 0.7071067  
			<Transforms>: 15 0.5 0 0 0 1 1 1 0 0 0 1 0 0 0 2.54 2.54 2.54 -3.774895E-08 0 0 1 -5.169836E-11 0.00770565 -0.001182719 1 0.9999999 1 0.6101746 -0.3573333 0.6101745 -0.3573332 -0.1279231 -0.2061691 -0.03487072 1 1 1 0.001101786 -0.003595705 0.8757129 0.4828176 -0.8146572 4.947185E-08 -1.434593E-08 1 1 1 9.978129E-15 -1.748601E-14 -4.65661E-10 1 -1.443823E-15 0.508 -0.0177468 2.54 2.54 2.54 -0.7071068 8.733639E-16 2.943919E-17 0.7071067  
			<Transforms>: 16 0.5333334 0 0 0 1 1 1 0 0 0 1 0 0 0 2.54 2.54 2.54 -3.774895E-08 0 0 1 -5.169836E-11 0.00770565 -0.001182719 1 0.9999999 1 0.6101746 -0.3573333 0.6101745 -0.3573332 -0.1942458 -0.08736266 -0.02139793 1 1 1 0.0007217107 -0.002355251 0.8703016 0.492513 -0.8146572 4.947185E-08 -1.434593E-08 1 1 1 9.978129E-15 -1.748601E-14 -4.65661E-10 1 -1.443823E-15 0.508 -0.0177468 2.54 2.54 2.54 -0.7071068 8.733639E-16 2.943919E-17 0.7071067  
			<Transforms>: 17 0.5666667 0 0 0 1 1 1 0 0 0 1 0 0 0 2.54 2.54 2.54 -3.774895E-08 0 0 1 -5.169836E-11 0.00770565 -0.001182719 1 0.9999999 1 0.6101746 -0.3573333 0.6101745 -0.3573332 -0.2484772 0.01068902 -0.01030266 1 1 1 0.0003930225 -0.001282508 0.8655354 0.500846 -0.8146572 4.947185E-08 -1.434593E-08 1 1 1 9.978129E-15 -1.748601E-14 -4.65661E-10 1 -1.443823E-15 0.508 -0.0177468 2.54 2.54 2.54 -0.7071068 8.733639E-16 2.943919E-17 0.7071067  
			<Transforms>: 18 0.6000001 0 0 0 1 1 1 0 0 0 1 0 0 0 2.54 2.54 2.54 -3.774895E-08 0 0 1 -5.169836E-11 0.00770565 -0.001182719 1 0.9999999 1 0.6101746 -0.3573333 0.6101745 -0.3573332 -0.285078 0.07733231 -0.002773774 1 1 1 0.0001433057 -0.0004675056 0.8618606 0.507145 -0.8146572 4.947185E-08 -1.434593E-08 1 1 1 9.978129E-15 -1.748601E-14 -4.65661E-10 1 -1.443823E-15 0.508 -0.0177468 2.54 2.54 2.54 -0.7071068 8.733639E-16 2.943919E-17 0.7071067  
			<Transforms>: 19 0.6333334 0 0 0 1 1 1 0 0 0 1 0 0 0 2.54 2.54 2.54 -3.774895E-08 0 0 1 -5.169836E-11 0.00770565 -0.001182719 1 0.9999999 1 0.6101746 -0.3573333 0.6101745 -0.3573332 -0.2985092 0.1019141 3.875396E-08 1 1 1 7.405545E-08 -3.654002E-08 0.8597319 0.5107457 -0.8146572 4.947185E-08 -1.434593E-08 1 1 1 9.978129E-15 -1.748601E-14 -4.65661E-10 1 -1.443823E-15 0.508 -0.0177468 2.54 2.54 2.54 -0.7071068 8.733639E-16 2.943919E-17 0.7071067  
	</AnimationSets>
</Animation>
