<Hierarchy>:
	<Frame>: 0 0 Railings_A_4m_Block_2m stage3
		<Mesh>: 48 Railings_A_4m_Block_2m
			<Bounds>: 1.192093E-07 -0.9999996 -0.3719585 0.4021595 1.000001 0.5219561
			<Positions>: 48 -0.3521593 -1.999999 0.1499952 -0.3521593 -1.999999 -0.8939147 0.3521596 -2 -0.8939123 0.3521596 -2 0.1499976 -0.3521593 1.068115E-06 0.1499952 0.3521596 -3.051758E-07 0.1499976 0.3521596 -3.051758E-07 -0.8939123 -0.3521594 1.068115E-06 -0.8939147 -0.4021593 -1.949999 0.1499952 -0.4021593 -0.04999893 0.1499952 -0.4021593 -0.04999893 -0.8939147 -0.4021593 -1.949999 -0.8939147 0.4021596 -1.95 -0.8939123 0.4021596 -0.0500003 -0.8939123 0.4021596 -0.0500003 0.1499976 0.4021596 -1.95 0.1499976 0.3521596 -2 0.1499976 0.3521596 -2 -0.8939123 0.4021596 -1.95 -0.8939123 0.4021596 -1.95 0.1499976 -0.3521593 -1.999999 -0.8939147 -0.3521593 -1.999999 0.1499952 -0.4021593 -1.949999 0.1499952 -0.4021593 -1.949999 -0.8939147 -0.3521593 1.068115E-06 0.1499952 -0.3521594 1.068115E-06 -0.8939147 -0.4021593 -0.04999893 -0.8939147 -0.4021593 -0.04999893 0.1499952 0.3521596 -3.051758E-07 -0.8939123 0.3521596 -3.051758E-07 0.1499976 0.4021596 -0.0500003 0.1499976 0.4021596 -0.0500003 -0.8939123 0.3521596 -3.051758E-07 -0.8939123 -0.4021593 -0.04999893 -0.8939147 -0.3521594 1.068115E-06 -0.8939147 0.4021596 -0.0500003 -0.8939123 0.4021596 -1.95 -0.8939123 -0.4021593 -1.949999 -0.8939147 -0.3521593 -1.999999 -0.8939147 0.3521596 -2 -0.8939123 -0.3521593 1.068115E-06 0.1499952 0.4021596 -0.0500003 0.1499976 0.3521596 -3.051758E-07 0.1499976 -0.4021593 -0.04999893 0.1499952 -0.4021593 -1.949999 0.1499952 0.4021596 -1.95 0.1499976 0.3521596 -2 0.1499976 -0.3521593 -1.999999 0.1499952  
			<TextureCoords0>: 48 0.2776421 0.9278652 0.204726 0.9278652 0.2047262 0.8786694 0.2776423 0.8786694 0.2776421 0.6868839 0.2776423 0.7360793 0.2047262 0.7360793 0.204726 0.6868839 0.2776421 0.5492324 0.2776421 0.6819453 0.204726 0.6819452 0.204726 0.5492324 0.2047262 0.873731 0.2047262 0.7410181 0.2776425 0.741018 0.2776425 0.873731 0.2776423 0.8786694 0.2047262 0.8786694 0.2047262 0.873731 0.2776425 0.873731 0.204726 0.5442934 0.2776421 0.5442934 0.2776421 0.5492324 0.204726 0.5492324 0.2776421 0.6868839 0.204726 0.6868839 0.204726 0.6819452 0.2776421 0.6819453 0.2047262 0.7360793 0.2776423 0.7360793 0.2776425 0.741018 0.2047262 0.7410181 0.2012337 0.7375256 0.1485452 0.7410179 0.1520377 0.7375255 0.2047262 0.7410181 0.2047262 0.873731 0.1485452 0.8737309 0.1520377 0.8772232 0.2012337 0.8772233 0.3303312 0.7375254 0.2776425 0.741018 0.2811351 0.7375255 0.3338237 0.7410178 0.3338237 0.8737309 0.2776425 0.873731 0.2811352 0.8772233 0.3303313 0.8772232  
			<TextureCoords1>: 48 0.735139 0.2173392 0.735139 0.4987676 0.5452621 0.4987668 0.5452621 0.2173383 0.5551477 0.7180707 0.7450238 0.7180701 0.7450238 0.9994991 0.5551476 0.9994999 0.02386396 0.7180709 0.5360864 0.7180709 0.5360862 0.9995 0.02386396 0.9995 0.5262014 0.4987667 0.01398035 0.4987668 0.01398012 0.2173378 0.5262014 0.2173377 0.5452621 0.2173383 0.5452621 0.4987668 0.5262014 0.4987667 0.5262014 0.2173377 0.004801444 0.9995 0.004801444 0.7180709 0.02386396 0.7180709 0.02386396 0.9995 0.5551477 0.7180707 0.5551476 0.9994999 0.5360862 0.9995 0.5360864 0.7180709 0.7450238 0.9994991 0.7450238 0.7180701 0.7640852 0.7180694 0.7640854 0.999499 0.0005007189 0.5122465 0.01397969 0.7156041 0.0005002876 0.7021246 0.01398035 0.4987668 0.5262014 0.4987667 0.5262013 0.7156039 0.5396801 0.7021245 0.5396804 0.5122465 0.0005 0.01397949 0.01398012 0.2173378 0.0005004889 0.2038576 0.01397929 0.0004999638 0.5262011 0.0004999638 0.5262014 0.2173377 0.5396804 0.2038574 0.53968 0.01397926  
			<Normals>: 48 -1.949815E-06 -1 0 -1.949815E-06 -1 0 -1.949815E-06 -1 0 -1.949815E-06 -1 0 1.949814E-06 1 0 1.949814E-06 1 0 1.949815E-06 1 0 1.949814E-06 1 0 -1 0 0 -1 0 0 -1 0 0 -1 0 0 1 0 0 1 0 0 1 0 0 1 0 0 0.7071068 -0.7071068 0 0.7071068 -0.7071068 0 0.7071068 -0.7071068 0 0.7071068 -0.7071068 0 -0.7071068 -0.7071068 0 -0.7071068 -0.7071068 0 -0.7071068 -0.7071068 0 -0.7071068 -0.7071068 0 -0.7071068 0.7071068 0 -0.7071068 0.7071068 0 -0.7071068 0.7071068 0 -0.7071068 0.7071068 0 0.7071068 0.7071068 0 0.7071068 0.7071068 0 0.7071068 0.7071068 0 0.7071068 0.7071068 0 3.135428E-06 0 -1 3.005486E-06 0 -1 3.135427E-06 0 -1 3.005486E-06 0 -1 3.005486E-06 0 -1 3.005486E-06 0 -1 3.135428E-06 0 -1 3.135428E-06 0 -1 -3.242893E-06 0 1 -3.11245E-06 0 1 -3.242892E-06 0 1 -3.11245E-06 0 1 -3.11245E-06 0 1 -3.11245E-06 0 1 -3.242892E-06 0 1 -3.242892E-06 0 1  
			<SubMeshes>: 1
				<SubMesh>:  84 0 1 2 0 2 3 4 5 6 4 6 7 8 9 10 8 10 11 12 13 14 12 14 15 16 17 18 16 18 19 20 21 22 20 22 23 24 25 26 24 26 27 28 29 30 28 30 31 32 33 34 32 35 33 36 33 35 36 37 33 38 37 36 38 36 39 40 41 42 40 43 41 44 41 43 44 45 41 46 45 44 46 44 47  
		</Mesh>
		<Children>: 0
	</Frame>
</Hierarchy>
