<Hierarchy>:
	<Frame>: 0 0 Wall_Turn_L_Out_D stage2
		<Mesh>: 36 Wall_Turn_L_Out_D
			<Bounds>: -0.8749999 0.5 -0.8749999 1.125 0.5 1.125
			<Positions>: 36 -0.25 1.530809E-17 -0.25 -2 -1.530808E-17 0.25 -2 1.530808E-17 -0.25 0.25 -1.530809E-17 0.25 0.2500003 1.224647E-16 -2 -0.2499998 1.224647E-16 -2 0.25 -1.530809E-17 0.25 0.2500003 1.224647E-16 -2 0.25 1 -2 0.25 0.9999998 0.2500001 0.2500003 1.224647E-16 -2 -0.2499998 1.224647E-16 -2 -0.25 1 -2 0.25 1 -2 0.25 -1.530809E-17 0.25 0.25 0.9999998 0.2500001 -2 0.9999998 0.25 -2 -1.530808E-17 0.25 -2 -1.530808E-17 0.25 -2 0.9999998 0.25 -2 0.9999998 -0.25 -2 1.530808E-17 -0.25 -2 1.530808E-17 -0.25 -2 0.9999998 -0.25 -0.25 0.9999998 -0.25 -0.25 1.530809E-17 -0.25 -0.25 1.530809E-17 -0.25 -0.25 0.9999998 -0.25 -0.25 1 -2 -0.2499998 1.224647E-16 -2 -0.25 0.9999998 -0.25 -2 0.9999998 -0.25 -2 0.9999998 0.25 0.25 0.9999998 0.2500001 0.25 1 -2 -0.25 1 -2  
			<TextureCoords0>: 36 0.2037312 0.04213989 0.3409216 0.002942562 0.3409216 0.04213989 0.164534 0.002942562 0.164534 0.1793302 0.2037312 0.1793302 0.3285679 0.6029791 0.5049555 0.6029791 0.5049555 0.6813735 0.3285679 0.6813735 0.876211 0.8600249 0.876211 0.8208277 0.9546056 0.8208277 0.9546056 0.8600249 0.5049555 0.4439157 0.5049555 0.5223103 0.3285679 0.5223103 0.3285679 0.4439157 0.876211 0.8605199 0.9546056 0.8605199 0.9546056 0.8997172 0.876211 0.8997172 0.59585 0.4924859 0.5174555 0.4924859 0.5174555 0.3552955 0.59585 0.3552955 0.670411 0.2340082 0.5920165 0.2340082 0.5920165 0.09681779 0.670411 0.09681773 0.9578601 0.9155662 0.9578601 0.7783759 0.9970573 0.7783759 0.9970574 0.9547634 0.8206698 0.9547635 0.8206698 0.9155662  
			<TextureCoords1>: 36 0.24849 0.7515103 0.1275788 0.3283219 0.24849 0.3283219 0.1275789 0.8724212 0.6716783 0.8724212 0.6716782 0.7515103 0.757678 0.9995 0.757678 0.4554006 0.9994999 0.4554006 0.9994999 0.9995 0.5409675 0.6207995 0.5409675 0.7417104 0.2991455 0.7417105 0.2991455 0.6207995 0.5498943 0.005794704 0.5498943 0.2476167 0.00579495 0.2476169 0.00579495 0.005794704 0.5409675 0.6202707 0.2991455 0.6202707 0.2991455 0.4993597 0.5409675 0.4993597 0.6778461 0.2546579 0.6778461 0.4964797 0.2546576 0.4964797 0.2546576 0.2546579 0.9995 0.4541201 0.757678 0.4541201 0.757678 0.03093165 0.9995 0.03093147 0.1214112 0.8785888 0.5445995 0.8785887 0.5445995 0.9994995 0.0005002988 0.9995 0.0005 0.4554005 0.1214111 0.4554005  
			<Normals>: 36 0 -1 0 0 -1 0 0 -1 0 0 -1 0 0 -1 0 0 -1 0 1 1.525879E-07 0 1 1.525879E-07 0 1 1.525879E-07 0 1 1.525879E-07 0 0 1.525879E-07 -1 0 1.525879E-07 -1 0 1.525879E-07 -1 0 1.525879E-07 -1 0 0 1 0 0 1 0 0 1 0 0 1 -1 0 0 -1 0 0 -1 0 0 -1 0 0 0 0 -1 0 0 -1 0 0 -1 0 0 -1 -1 0 0 -1 0 0 -1 0 0 -1 0 0 0 1 0 0 1 0 0 1 0 0 1 0 0 1 1.144409E-07 0 1 1.144409E-07  
			<SubMeshes>: 1
				<SubMesh>:  60 0 1 2 0 3 1 0 4 3 0 5 4 6 7 8 6 8 9 10 11 12 10 12 13 14 15 16 14 16 17 18 19 20 18 20 21 22 23 24 22 24 25 26 27 28 26 28 29 30 31 32 30 32 33 30 33 34 30 34 35  
		</Mesh>
		<Children>: 0
	</Frame>
</Hierarchy>
