<Hierarchy>:
	<Frame>: 0 0 Wall_Turn_L_In_D stage2
		<Mesh>: 36 Wall_Turn_L_In_D
			<Bounds>: -0.875 0.5000001 0.875 1.125 0.5000001 1.125
			<Positions>: 36 -2 1.530808E-17 -0.25 -0.25 -1.530808E-17 0.25 -2 -1.530808E-17 0.25 0.25 1.530808E-17 -0.25 0.2499995 -1.224647E-16 2 -0.2500004 -1.224647E-16 2 -0.25 -1.530808E-17 0.25 -0.2500004 -1.224647E-16 2 -0.25 1 2 -0.25 1 0.25 -0.2500004 -1.224647E-16 2 0.2499995 -1.224647E-16 2 0.25 1 2 -0.25 1 2 -0.25 -1.530808E-17 0.25 -0.25 1 0.25 -2 1 0.25 -2 -1.530808E-17 0.25 -2 -1.530808E-17 0.25 -2 1 0.25 -2 1 -0.25 -2 1.530808E-17 -0.25 -2 1.530808E-17 -0.25 -2 1 -0.25 0.25 1 -0.2499999 0.25 1.530808E-17 -0.25 0.25 1.530808E-17 -0.25 0.25 1 -0.2499999 0.25 1 2 0.2499995 -1.224647E-16 2 -2 1 -0.25 -2 1 0.25 -0.25 1 0.25 0.25 1 -0.2499999 0.25 1 2 -0.25 1 2  
			<TextureCoords0>: 36 0.2713314 0.5073981 0.134141 0.4682009 0.2713314 0.4682008 0.0949438 0.5073981 0.0949438 0.3310105 0.134141 0.3310105 0.308685 0.274911 0.4458753 0.274911 0.4458753 0.3533056 0.308685 0.3533056 0.1952216 0.4202097 0.1952216 0.3810126 0.2736161 0.3810125 0.2736161 0.4202097 0.4578068 0.3533056 0.4578068 0.274911 0.5949972 0.274911 0.5949972 0.3533056 0.2736161 0.3805175 0.1952216 0.3805175 0.1952216 0.3413202 0.2736161 0.3413202 0.5049555 0.5234474 0.5049555 0.6018419 0.3285679 0.6018419 0.3285679 0.5234474 0.5859086 0.6714321 0.5075141 0.6714321 0.5075141 0.4950445 0.5859086 0.4950445 0.1396803 0.286274 0.1788776 0.286274 0.1788776 0.4234644 0.1396803 0.4626616 0.3160679 0.4626616 0.3160679 0.4234644  
			<TextureCoords1>: 36 0.5504287 0.9994998 0.1227063 0.8772935 0.5504287 0.8772933 0.0005 0.9995 0.0005 0.4495709 0.1227062 0.4495709 0.503558 0.7426193 0.503558 0.3148969 0.7479709 0.3148969 0.7479709 0.7426193 0.3777531 0.744453 0.255547 0.7444531 0.2555469 0.5000401 0.3777531 0.5000401 0.9995 0.4482768 0.7550871 0.4482768 0.7550871 0.02055442 0.9995 0.02055442 0.5004941 0.5000403 0.5004941 0.7444531 0.3782876 0.7444531 0.3782876 0.5000403 0.9995 0.9995 0.7550872 0.9995 0.755087 0.4495711 0.9994999 0.4495711 0.5557805 0.005851626 0.5557804 0.2502646 0.005851682 0.2502646 0.005851682 0.005851626 0.1289403 0.3211308 0.2511467 0.3211308 0.2511467 0.7488532 0.1289403 0.8710597 0.6788691 0.8710597 0.6788691 0.7488532  
			<Normals>: 36 0 -1 0 0 -1 0 0 -1 0 0 -1 0 0 -1 0 0 -1 0 -1 2.384185E-07 -1.2534E-07 -1 2.384185E-07 -1.2534E-07 -1 2.384185E-07 -1.2534E-07 -1 2.384185E-07 -1.2534E-07 0 0 1 0 0 1 0 0 1 0 0 1 0 0 1 0 0 1 0 0 1 0 0 1 -1 0 0 -1 0 0 -1 0 0 -1 0 0 0 0 -1 0 0 -1 0 0 -1 0 0 -1 1 -2.193451E-07 1.059638E-07 1 -2.19345E-07 1.059638E-07 1 -2.19345E-07 1.059638E-07 1 -2.19345E-07 1.059638E-07 0 1 0 0 1 0 0 1 0 0 1 0 0 1 1.144409E-07 0 1 1.144409E-07  
			<SubMeshes>: 1
				<SubMesh>:  60 0 1 2 0 3 1 1 3 4 1 4 5 6 7 8 6 8 9 10 11 12 10 12 13 14 15 16 14 16 17 18 19 20 18 20 21 22 23 24 22 24 25 26 27 28 26 28 29 30 31 32 30 32 33 34 33 32 34 32 35  
		</Mesh>
		<Children>: 0
	</Frame>
</Hierarchy>
