<Hierarchy>:
	<Frame>: 0 0 Wall_Line_2m_ะก stage2
		<Mesh>: 24 Wall_Line_2m_ะก
			<Bounds>: -5.960464E-08 1 0 1 1 0.25
			<Positions>: 24 1 1.530808E-17 -0.25 1 -1.530808E-17 0.25 -1 -1.530808E-17 0.25 -1 1.530808E-17 -0.25 -1 1.530808E-17 -0.25 -1 -1.530808E-17 0.25 -1 2 0.25 -1 2 -0.25 1 1.530808E-17 -0.25 1 2 -0.25 1 2 0.25 1 -1.530808E-17 0.25 1 -1.530808E-17 0.25 1 2 0.25 -1 2 0.25 -1 -1.530808E-17 0.25 -1 1.530808E-17 -0.25 -1 2 -0.25 1 2 -0.25 1 1.530808E-17 -0.25 1 2 -0.25 -1 2 -0.25 -1 2 0.25 1 2 0.25  
			<TextureCoords0>: 24 0.8275272 0.3242523 0.8275272 0.363247 0.6715481 0.363247 0.6715481 0.3242523 0.6765187 0.2290374 0.6765187 0.1857099 0.8281651 0.1857099 0.8281651 0.2290374 0.8281651 0.1843008 0.6765187 0.1843008 0.6765187 0.1409733 0.8281651 0.1409733 0.8306113 0.7261101 0.8306113 0.5805296 0.996989 0.5805296 0.996989 0.7261101 0.8180428 0.5805296 0.8180428 0.7261101 0.651665 0.7261101 0.651665 0.5805296 0.8275272 0.4079837 0.6715481 0.4079837 0.6715481 0.3689889 0.8275272 0.3689889  
			<TextureCoords1>: 24 0.6797924 0.4867892 0.80797 0.4867892 0.80797 0.9995 0.6797924 0.9995 0.9518139 0.9995 0.8093942 0.9995 0.8093942 0.501031 0.9518139 0.501031 0.8496155 0.4989688 0.8496155 0.0004999638 0.9920351 0.0004999638 0.9920351 0.4989688 0.5473917 0.5209698 0.5473917 0.9995 0.0005 0.9995 0.0005 0.5209698 0.5473917 0.03831464 0.5473917 0.5168449 0.0005 0.5168449 0.0005 0.03831464 0.6783683 0.4867892 0.6783683 0.9995 0.5501906 0.9995 0.5501906 0.4867892  
			<Normals>: 24 0 -1 0 0 -1 0 0 -1 0 0 -1 0 -1 0 0 -1 0 0 -1 0 0 -1 0 0 1 0 0 1 0 0 1 0 0 1 0 0 0 0 1 0 0 1 0 0 1 0 0 1 0 0 -1 0 0 -1 0 0 -1 0 0 -1 0 1 0 0 1 0 0 1 0 0 1 0  
			<SubMeshes>: 1
				<SubMesh>:  36 0 1 2 0 2 3 4 5 6 4 6 7 8 9 10 8 10 11 12 13 14 12 14 15 16 17 18 16 18 19 20 21 22 20 22 23  
		</Mesh>
		<Children>: 0
	</Frame>
</Hierarchy>
