<Hierarchy>:
	<Frame>: 0 0 Plane002 null
		<Mesh>: 48 Plane002
			<Bounds>: 6 0 0.03724753 6 6 0.03724753
			<Positions>: 48 8.814033 5.728133 0.07449506 3.185967 5.728133 0.07449506 0.2718672 2.814033 0.07449506 0.2718672 -2.814033 0.07449506 8.814033 -5.728133 0.07449506 3.185967 -5.728133 0.07449506 11.72813 -2.814033 0.07449506 11.72813 2.814033 0.07449506 11.90021 -2.885308 0.07449506 12 2.926644 0 11.90021 2.885308 0.07449506 12 -2.926644 0 8.926644 -6 0 12 -2.926644 0 11.90021 -2.885308 0.07449506 8.885308 -5.900206 0.07449506 3.073356 -6 0 8.926644 -6 0 8.885308 -5.900206 0.07449506 3.114692 -5.900206 0.07449506 3.114692 -5.900206 0.07449506 0.09979387 -2.885308 0.07449506 0 -2.926644 0 3.073356 -6 0 0.09979387 2.885308 0.07449506 0 2.926644 0 0 -2.926644 0 0.09979387 -2.885308 0.07449506 3.114692 5.900206 0.07449506 0 2.926644 0 0.09979387 2.885308 0.07449506 3.073356 6 0 8.885308 5.900206 0.07449506 8.926644 6 0 3.073356 6 0 3.114692 5.900206 0.07449506 8.926644 6 0 8.885308 5.900206 0.07449506 11.90021 2.885308 0.07449506 12 2.926644 0 0.09979387 2.885308 0.07449506 0.09979387 -2.885308 0.07449506 3.114692 5.900206 0.07449506 8.885308 5.900206 0.07449506 11.90021 2.885308 0.07449506 3.114692 -5.900206 0.07449506 8.885308 -5.900206 0.07449506 11.90021 -2.885308 0.07449506  
			<TextureCoords0>: 48 -1.324986 -0.645627 -0.1993728 -0.6456267 0.3834471 -0.06280661 0.3834468 1.062806 -1.324986 1.645626 -0.1993734 1.645626 -1.907806 1.062806 -1.907806 -0.06280708 -1.942221 1.077061 -1.962179 -0.08532941 -1.942221 -0.07706213 -1.96218 1.085328 -1.347509 1.7 -1.96218 1.085328 -1.942221 1.077061 -1.339241 1.680041 -0.1768512 1.7 -1.347509 1.7 -1.339241 1.680041 -0.1851184 1.680041 -0.1851184 1.680041 0.4178615 1.077061 0.4378203 1.085329 -0.1768512 1.7 0.4178618 -0.07706165 0.4378205 -0.08532882 0.4378203 1.085329 0.4178615 1.077061 -0.1851178 -0.6800413 0.4378205 -0.08532882 0.4178618 -0.07706165 -0.1768506 -0.7000002 -1.339241 -0.6800417 -1.347508 -0.7000005 -0.1768506 -0.7000002 -0.1851178 -0.6800413 -1.347508 -0.7000005 -1.339241 -0.6800417 -1.942221 -0.07706213 -1.962179 -0.08532941 0.4178618 -0.07706165 0.4178615 1.077061 -0.1851178 -0.6800413 -1.339241 -0.6800417 -1.942221 -0.07706213 -0.1851184 1.680041 -1.339241 1.680041 -1.942221 1.077061  
			<TextureCoords1>: 0  
			<Normals>: 48 0 0 1 0 0 1 0 0 1 0 0 1 0 0 1 0 0 1 0 0 1 0 0 1 0.5981979 0 0.8013484 0.5981979 0 0.8013484 0.5981979 0 0.8013484 0.5981979 0 0.8013484 0.4229896 -0.4229895 0.8013487 0.4229896 -0.4229895 0.8013487 0.4229895 -0.4229895 0.8013487 0.4229896 -0.4229895 0.8013487 0 -0.5981979 0.8013484 0 -0.5981979 0.8013484 0 -0.5981979 0.8013484 0 -0.5981979 0.8013484 -0.4229895 -0.4229896 0.8013486 -0.4229895 -0.4229896 0.8013486 -0.4229895 -0.4229897 0.8013486 -0.4229896 -0.4229897 0.8013486 -0.5981981 0 0.8013483 -0.5981981 0 0.8013483 -0.5981981 0 0.8013483 -0.5981981 0 0.8013483 -0.4229896 0.4229895 0.8013486 -0.4229897 0.4229895 0.8013486 -0.4229896 0.4229895 0.8013486 -0.4229897 0.4229896 0.8013486 0 0.5981979 0.8013484 0 0.5981979 0.8013484 0 0.5981979 0.8013484 0 0.5981979 0.8013484 0.4229895 0.4229895 0.8013487 0.4229895 0.4229895 0.8013487 0.4229895 0.4229895 0.8013487 0.4229895 0.4229895 0.8013487 0 0 1 0 0 1 0 0 1 0 0 1 0 0 1 0 0 1 0 0 1 0 0 1  
			<SubMeshes>: 2
				<SubMesh>:  18 				<SubMesh>:  96 0 1 2 2 3 0 0 3 4 3 5 4 4 6 0 6 7 0  
8 9 10 9 8 11 12 13 14 14 15 12 16 17 18 18 19 16 20 21 22 22 23 20 24 25 26 26 27 24 28 29 30 29 28 31 32 33 34 34 35 32 36 37 38 38 39 36 2 40 41 42 40 2 41 3 2 2 1 42 42 1 0 42 0 43 43 0 7 7 44 43 45 3 41 3 45 5 4 5 45 45 46 4 6 44 7 6 4 46 44 6 47 46 47 6  
		</Mesh>
		<Children>: 0
	</Frame>
</Hierarchy>
