<Hierarchy>:
	<Frame>: 0 0 stage3npc_idle null
		<Mesh>: 32 Box001
			<Bounds>: 0 -0.1794429 0.2344779 0.2344779 0.4139208 0.2344779
			<Positions>: 32 0.2344779 -0.2344779 0 0 -0.5933638 0.2344779 -0.2344779 -0.2344779 0 -0.2344779 -0.2344779 0 0 -0.5933638 0.2344779 -0.2344779 -0.2344779 0.4689558 -0.2344779 -0.2344779 0.4689558 0 -0.5933638 0.2344779 0.2344779 -0.2344779 0.4689558 0.2344779 -0.2344779 0.4689558 0 -0.5933638 0.2344779 0.2344779 -0.2344779 0 0.2344779 -0.2344779 0 -0.2344779 -0.2344779 0 -0.2344779 0.2344779 0 0.2344779 0.2344779 0 0.2344779 -0.2344779 0.4689558 0.2344779 0.2344779 0.4689558 -0.2344779 0.2344779 0.4689558 -0.2344779 -0.2344779 0.4689558 -0.2344779 -0.2344779 0 -0.2344779 -0.2344779 0.4689558 -0.2344779 0.2344779 0.4689558 -0.2344779 0.2344779 0 -0.2344779 0.2344779 0 -0.2344779 0.2344779 0.4689558 0.2344779 0.2344779 0.4689558 0.2344779 0.2344779 0 0.2344779 0.2344779 0 0.2344779 0.2344779 0.4689558 0.2344779 -0.2344779 0.4689558 0.2344779 -0.2344779 0  
			<TextureCoords0>: 32 0 1 0.5 0.5 1 1 1 1 0.5 0.5 1 0 1 0 0.5 0.5 0 0 0 0 0.5 0.5 0 1 1 1 0 1 0 0 1 0 0 1 0 0 1 0 1 1 0 1 0 0 1 0 1 1 0 1 0 0 1 0 1 1 0 1 0 0 1 0 1 1  
			<TextureCoords1>: 0  
			<Normals>: 32 0 -0.5469581 -0.8371599 0 -0.5469581 -0.8371599 0 -0.5469581 -0.8371599 -0.8371599 -0.5469581 0 -0.8371599 -0.5469581 0 -0.8371599 -0.5469581 0 0 -0.5469581 0.8371599 0 -0.5469581 0.8371599 0 -0.5469581 0.8371599 0.8371599 -0.5469581 0 0.8371599 -0.5469581 0 0.8371599 -0.5469581 0 0 0 -1 0 0 -1 0 0 -1 0 0 -1 0 0 1 0 0 1 0 0 1 0 0 1 -1 0 0 -1 0 0 -1 0 0 -1 0 0 0 1 0 0 1 0 0 1 0 0 1 0 1 0 0 1 0 0 1 0 0 1 0 0  
			<SubMeshes>: 1
				<SubMesh>:  42 0 1 2 3 4 5 6 7 8 9 10 11 12 13 14 12 14 15 16 17 18 16 18 19 20 21 22 20 22 23 24 25 26 24 26 27 28 29 30 28 30 31  
		</Mesh>
		<Children>: 0
	</Frame>
</Hierarchy>
<Animation>:
	<AnimationSets>: 8
		<FrameNames>: 1 stage3npc_idle  
		<AnimationSet>: 0 Box001|Box001Action 0.6333333 30 19
			<Transforms>: 0 0 0 0.508 -0.01774672 2.54 2.54 2.54 -0.7071068 0 0 0.7071067  
			<Transforms>: 1 0.03333334 0 0.5049729 -0.01774672 2.54 2.54 2.54 -0.7071068 0 0 0.7071067  
			<Transforms>: 2 0.06666667 0 0.499867 -0.01774672 2.54 2.54 2.54 -0.7071068 0 0 0.7071067  
			<Transforms>: 3 0.1 0 0.4932762 -0.01774672 2.54 2.54 2.54 -0.7071068 0 0 0.7071067  
			<Transforms>: 4 0.1333333 0 0.4857945 -0.01774672 2.54 2.54 2.54 -0.7071068 0 0 0.7071067  
			<Transforms>: 5 0.1666667 0 0.4780159 -0.01774672 2.54 2.54 2.54 -0.7071068 0 0 0.7071067  
			<Transforms>: 6 0.2 0 0.4705343 -0.01774672 2.54 2.54 2.54 -0.7071068 0 0 0.7071067  
			<Transforms>: 7 0.2333333 0 0.4639435 -0.01774672 2.54 2.54 2.54 -0.7071068 0 0 0.7071067  
			<Transforms>: 8 0.2666667 0 0.4588377 -0.01774672 2.54 2.54 2.54 -0.7071068 0 0 0.7071067  
			<Transforms>: 9 0.3 0 0.4558105 -0.01774672 2.54 2.54 2.54 -0.7071068 0 0 0.7071067  
			<Transforms>: 10 0.3333333 0 0.458324 -0.01774672 2.54 2.54 2.54 -0.7071068 0 0 0.7071067  
			<Transforms>: 11 0.3666667 0 0.4626411 -0.01774672 2.54 2.54 2.54 -0.7071068 0 0 0.7071067  
			<Transforms>: 12 0.4 0 0.468311 -0.01774672 2.54 2.54 2.54 -0.7071068 0 0 0.7071067  
			<Transforms>: 13 0.4333333 0 0.4748827 -0.01774672 2.54 2.54 2.54 -0.7071068 0 0 0.7071067  
			<Transforms>: 14 0.4666667 0 0.4819053 -0.01774672 2.54 2.54 2.54 -0.7071068 0 0 0.7071067  
			<Transforms>: 15 0.5 0 0.4889279 -0.01774672 2.54 2.54 2.54 -0.7071068 0 0 0.7071067  
			<Transforms>: 16 0.5333334 0 0.4954996 -0.01774672 2.54 2.54 2.54 -0.7071068 0 0 0.7071067  
			<Transforms>: 17 0.5666667 0 0.5011695 -0.01774672 2.54 2.54 2.54 -0.7071068 0 0 0.7071067  
			<Transforms>: 18 0.6000001 0 0.5054866 -0.01774672 2.54 2.54 2.54 -0.7071068 0 0 0.7071067  
		<AnimationSet>: 1 Box001|Box001Action 0.6333333 30 19
			<Transforms>: 0 0 0 0.508 -0.01774672 2.54 2.54 2.54 -0.7071068 0 0 0.7071067  
			<Transforms>: 1 0.03333334 0 0.5049729 -0.01774672 2.54 2.54 2.54 -0.7071068 0 0 0.7071067  
			<Transforms>: 2 0.06666667 0 0.499867 -0.01774672 2.54 2.54 2.54 -0.7071068 0 0 0.7071067  
			<Transforms>: 3 0.1 0 0.4932762 -0.01774672 2.54 2.54 2.54 -0.7071068 0 0 0.7071067  
			<Transforms>: 4 0.1333333 0 0.4857945 -0.01774672 2.54 2.54 2.54 -0.7071068 0 0 0.7071067  
			<Transforms>: 5 0.1666667 0 0.4780159 -0.01774672 2.54 2.54 2.54 -0.7071068 0 0 0.7071067  
			<Transforms>: 6 0.2 0 0.4705343 -0.01774672 2.54 2.54 2.54 -0.7071068 0 0 0.7071067  
			<Transforms>: 7 0.2333333 0 0.4639435 -0.01774672 2.54 2.54 2.54 -0.7071068 0 0 0.7071067  
			<Transforms>: 8 0.2666667 0 0.4588377 -0.01774672 2.54 2.54 2.54 -0.7071068 0 0 0.7071067  
			<Transforms>: 9 0.3 0 0.4558105 -0.01774672 2.54 2.54 2.54 -0.7071068 0 0 0.7071067  
			<Transforms>: 10 0.3333333 0 0.458324 -0.01774672 2.54 2.54 2.54 -0.7071068 0 0 0.7071067  
			<Transforms>: 11 0.3666667 0 0.4626411 -0.01774672 2.54 2.54 2.54 -0.7071068 0 0 0.7071067  
			<Transforms>: 12 0.4 0 0.468311 -0.01774672 2.54 2.54 2.54 -0.7071068 0 0 0.7071067  
			<Transforms>: 13 0.4333333 0 0.4748827 -0.01774672 2.54 2.54 2.54 -0.7071068 0 0 0.7071067  
			<Transforms>: 14 0.4666667 0 0.4819053 -0.01774672 2.54 2.54 2.54 -0.7071068 0 0 0.7071067  
			<Transforms>: 15 0.5 0 0.4889279 -0.01774672 2.54 2.54 2.54 -0.7071068 0 0 0.7071067  
			<Transforms>: 16 0.5333334 0 0.4954996 -0.01774672 2.54 2.54 2.54 -0.7071068 0 0 0.7071067  
			<Transforms>: 17 0.5666667 0 0.5011695 -0.01774672 2.54 2.54 2.54 -0.7071068 0 0 0.7071067  
			<Transforms>: 18 0.6000001 0 0.5054866 -0.01774672 2.54 2.54 2.54 -0.7071068 0 0 0.7071067  
		<AnimationSet>: 2 Box001|Box001Action 0.6333333 30 19
			<Transforms>: 0 0 0 0.508 -0.01774672 2.54 2.54 2.54 -0.7071068 0 0 0.7071067  
			<Transforms>: 1 0.03333334 0 0.5049729 -0.01774672 2.54 2.54 2.54 -0.7071068 0 0 0.7071067  
			<Transforms>: 2 0.06666667 0 0.499867 -0.01774672 2.54 2.54 2.54 -0.7071068 0 0 0.7071067  
			<Transforms>: 3 0.1 0 0.4932762 -0.01774672 2.54 2.54 2.54 -0.7071068 0 0 0.7071067  
			<Transforms>: 4 0.1333333 0 0.4857945 -0.01774672 2.54 2.54 2.54 -0.7071068 0 0 0.7071067  
			<Transforms>: 5 0.1666667 0 0.4780159 -0.01774672 2.54 2.54 2.54 -0.7071068 0 0 0.7071067  
			<Transforms>: 6 0.2 0 0.4705343 -0.01774672 2.54 2.54 2.54 -0.7071068 0 0 0.7071067  
			<Transforms>: 7 0.2333333 0 0.4639435 -0.01774672 2.54 2.54 2.54 -0.7071068 0 0 0.7071067  
			<Transforms>: 8 0.2666667 0 0.4588377 -0.01774672 2.54 2.54 2.54 -0.7071068 0 0 0.7071067  
			<Transforms>: 9 0.3 0 0.4558105 -0.01774672 2.54 2.54 2.54 -0.7071068 0 0 0.7071067  
			<Transforms>: 10 0.3333333 0 0.458324 -0.01774672 2.54 2.54 2.54 -0.7071068 0 0 0.7071067  
			<Transforms>: 11 0.3666667 0 0.4626411 -0.01774672 2.54 2.54 2.54 -0.7071068 0 0 0.7071067  
			<Transforms>: 12 0.4 0 0.468311 -0.01774672 2.54 2.54 2.54 -0.7071068 0 0 0.7071067  
			<Transforms>: 13 0.4333333 0 0.4748827 -0.01774672 2.54 2.54 2.54 -0.7071068 0 0 0.7071067  
			<Transforms>: 14 0.4666667 0 0.4819053 -0.01774672 2.54 2.54 2.54 -0.7071068 0 0 0.7071067  
			<Transforms>: 15 0.5 0 0.4889279 -0.01774672 2.54 2.54 2.54 -0.7071068 0 0 0.7071067  
			<Transforms>: 16 0.5333334 0 0.4954996 -0.01774672 2.54 2.54 2.54 -0.7071068 0 0 0.7071067  
			<Transforms>: 17 0.5666667 0 0.5011695 -0.01774672 2.54 2.54 2.54 -0.7071068 0 0 0.7071067  
			<Transforms>: 18 0.6000001 0 0.5054866 -0.01774672 2.54 2.54 2.54 -0.7071068 0 0 0.7071067  
		<AnimationSet>: 3 attack 0.6666667 30 20
			<Transforms>: 0 0 0 0.508 -0.01774672 0.9999999 0.9999999 0.9999999 -0.7071068 0 0 0.7071068  
			<Transforms>: 1 0.03333334 0 0.508 -0.04525832 0.9999999 0.9999999 0.9999999 -0.7136301 0 0 0.7005227  
			<Transforms>: 2 0.06666667 0 0.508 -0.1199324 0.9999999 0.9999999 0.9999999 -0.7245543 0 0 0.6892177  
			<Transforms>: 3 0.1 0 0.508 -0.2299782 0.9999999 0.9999999 0.9999999 -0.7393324 0 0 0.6733407  
			<Transforms>: 4 0.1333333 0 0.508 -0.3636053 0.9999999 0.9999999 0.9999999 -0.7573667 0 0 0.6529899  
			<Transforms>: 5 0.1666667 0 0.508 -0.5090228 0.9999999 0.9999999 0.9999999 -0.77714 0 0 0.6293277  
			<Transforms>: 6 0.2 0 0.508 -0.6544404 0.9999999 0.9999999 0.9999999 -0.7963617 0 0 0.6048208  
			<Transforms>: 7 0.2333333 0 0.508 -0.7880673 0.9999999 0.9999999 0.9999999 -0.8134172 0 0 0.5816808  
			<Transforms>: 8 0.2666667 0 0.508 -0.8981128 0.9999999 0.9999999 0.9999999 -0.8269261 0 0 0.5623107  
			<Transforms>: 9 0.3 0 0.508 -0.9727863 0.9999999 0.9999999 0.9999999 -0.835682 0 0 0.5492138  
			<Transforms>: 10 0.3333333 0 0.508 -1.000297 0.9999999 0.9999999 0.9999999 -0.8388959 0 0 0.5442919  
			<Transforms>: 11 0.3666667 0 0.508 -0.4572164 0.9999999 0.9999999 0.9999999 -0.775847 0 0 0.6309212  
			<Transforms>: 12 0.4 0 0.508 0.5513333 0.9999999 0.9999999 0.9999999 -0.6357864 0 0 0.771865  
			<Transforms>: 13 0.4333333 0 0.508 1.094415 0.9999999 0.9999999 0.9999999 -0.5495554 0 0 0.8354573  
			<Transforms>: 14 0.4666667 0 0.508 0.8508945 0.9999999 0.9999999 0.9999999 -0.5844033 0 0 0.8114634  
			<Transforms>: 15 0.5 0 0.508 0.315162 0.9999999 0.9999999 0.9999999 -0.6572807 0 0 0.7536458  
			<Transforms>: 16 0.5333334 0 0.508 -0.2205708 0.9999999 0.9999999 0.9999999 -0.72447 0 0 0.6893063  
			<Transforms>: 17 0.5666667 0 0.508 -0.4640901 0.9999999 0.9999999 0.9999999 -0.7529793 0 0 0.6580443  
			<Transforms>: 18 0.6000001 0 0.508 -0.3483696 0.9999999 0.9999999 0.9999999 -0.7426568 0 0 0.6696723  
			<Transforms>: 19 0.6333334 0 0.508 -0.1334665 0.9999999 0.9999999 0.9999999 -0.7193159 0 0 0.6946831  
		<AnimationSet>: 4 attack 0.6666667 30 20
			<Transforms>: 0 0 0 0.508 -0.01774672 0.9999999 0.9999999 0.9999999 -0.7071068 0 0 0.7071068  
			<Transforms>: 1 0.03333334 0 0.508 -0.04525832 0.9999999 0.9999999 0.9999999 -0.7136301 0 0 0.7005227  
			<Transforms>: 2 0.06666667 0 0.508 -0.1199324 0.9999999 0.9999999 0.9999999 -0.7245543 0 0 0.6892177  
			<Transforms>: 3 0.1 0 0.508 -0.2299782 0.9999999 0.9999999 0.9999999 -0.7393324 0 0 0.6733407  
			<Transforms>: 4 0.1333333 0 0.508 -0.3636053 0.9999999 0.9999999 0.9999999 -0.7573667 0 0 0.6529899  
			<Transforms>: 5 0.1666667 0 0.508 -0.5090228 0.9999999 0.9999999 0.9999999 -0.77714 0 0 0.6293277  
			<Transforms>: 6 0.2 0 0.508 -0.6544404 0.9999999 0.9999999 0.9999999 -0.7963617 0 0 0.6048208  
			<Transforms>: 7 0.2333333 0 0.508 -0.7880673 0.9999999 0.9999999 0.9999999 -0.8134172 0 0 0.5816808  
			<Transforms>: 8 0.2666667 0 0.508 -0.8981128 0.9999999 0.9999999 0.9999999 -0.8269261 0 0 0.5623107  
			<Transforms>: 9 0.3 0 0.508 -0.9727863 0.9999999 0.9999999 0.9999999 -0.835682 0 0 0.5492138  
			<Transforms>: 10 0.3333333 0 0.508 -1.000297 0.9999999 0.9999999 0.9999999 -0.8388959 0 0 0.5442919  
			<Transforms>: 11 0.3666667 0 0.508 -0.4572164 0.9999999 0.9999999 0.9999999 -0.775847 0 0 0.6309212  
			<Transforms>: 12 0.4 0 0.508 0.5513333 0.9999999 0.9999999 0.9999999 -0.6357864 0 0 0.771865  
			<Transforms>: 13 0.4333333 0 0.508 1.094415 0.9999999 0.9999999 0.9999999 -0.5495554 0 0 0.8354573  
			<Transforms>: 14 0.4666667 0 0.508 0.8508945 0.9999999 0.9999999 0.9999999 -0.5844033 0 0 0.8114634  
			<Transforms>: 15 0.5 0 0.508 0.315162 0.9999999 0.9999999 0.9999999 -0.6572807 0 0 0.7536458  
			<Transforms>: 16 0.5333334 0 0.508 -0.2205708 0.9999999 0.9999999 0.9999999 -0.72447 0 0 0.6893063  
			<Transforms>: 17 0.5666667 0 0.508 -0.4640901 0.9999999 0.9999999 0.9999999 -0.7529793 0 0 0.6580443  
			<Transforms>: 18 0.6000001 0 0.508 -0.3483696 0.9999999 0.9999999 0.9999999 -0.7426568 0 0 0.6696723  
			<Transforms>: 19 0.6333334 0 0.508 -0.1334665 0.9999999 0.9999999 0.9999999 -0.7193159 0 0 0.6946831  
		<AnimationSet>: 5 attack 0.6666667 30 20
			<Transforms>: 0 0 0 0.508 -0.01774672 0.9999999 0.9999999 0.9999999 -0.7071068 0 0 0.7071068  
			<Transforms>: 1 0.03333334 0 0.508 -0.04525832 0.9999999 0.9999999 0.9999999 -0.7136301 0 0 0.7005227  
			<Transforms>: 2 0.06666667 0 0.508 -0.1199324 0.9999999 0.9999999 0.9999999 -0.7245543 0 0 0.6892177  
			<Transforms>: 3 0.1 0 0.508 -0.2299782 0.9999999 0.9999999 0.9999999 -0.7393324 0 0 0.6733407  
			<Transforms>: 4 0.1333333 0 0.508 -0.3636053 0.9999999 0.9999999 0.9999999 -0.7573667 0 0 0.6529899  
			<Transforms>: 5 0.1666667 0 0.508 -0.5090228 0.9999999 0.9999999 0.9999999 -0.77714 0 0 0.6293277  
			<Transforms>: 6 0.2 0 0.508 -0.6544404 0.9999999 0.9999999 0.9999999 -0.7963617 0 0 0.6048208  
			<Transforms>: 7 0.2333333 0 0.508 -0.7880673 0.9999999 0.9999999 0.9999999 -0.8134172 0 0 0.5816808  
			<Transforms>: 8 0.2666667 0 0.508 -0.8981128 0.9999999 0.9999999 0.9999999 -0.8269261 0 0 0.5623107  
			<Transforms>: 9 0.3 0 0.508 -0.9727863 0.9999999 0.9999999 0.9999999 -0.835682 0 0 0.5492138  
			<Transforms>: 10 0.3333333 0 0.508 -1.000297 0.9999999 0.9999999 0.9999999 -0.8388959 0 0 0.5442919  
			<Transforms>: 11 0.3666667 0 0.508 -0.4572164 0.9999999 0.9999999 0.9999999 -0.775847 0 0 0.6309212  
			<Transforms>: 12 0.4 0 0.508 0.5513333 0.9999999 0.9999999 0.9999999 -0.6357864 0 0 0.771865  
			<Transforms>: 13 0.4333333 0 0.508 1.094415 0.9999999 0.9999999 0.9999999 -0.5495554 0 0 0.8354573  
			<Transforms>: 14 0.4666667 0 0.508 0.8508945 0.9999999 0.9999999 0.9999999 -0.5844033 0 0 0.8114634  
			<Transforms>: 15 0.5 0 0.508 0.315162 0.9999999 0.9999999 0.9999999 -0.6572807 0 0 0.7536458  
			<Transforms>: 16 0.5333334 0 0.508 -0.2205708 0.9999999 0.9999999 0.9999999 -0.72447 0 0 0.6893063  
			<Transforms>: 17 0.5666667 0 0.508 -0.4640901 0.9999999 0.9999999 0.9999999 -0.7529793 0 0 0.6580443  
			<Transforms>: 18 0.6000001 0 0.508 -0.3483696 0.9999999 0.9999999 0.9999999 -0.7426568 0 0 0.6696723  
			<Transforms>: 19 0.6333334 0 0.508 -0.1334665 0.9999999 0.9999999 0.9999999 -0.7193159 0 0 0.6946831  
		<AnimationSet>: 6 attack 0.6666667 30 20
			<Transforms>: 0 0 0 0.508 -0.01774672 0.9999999 0.9999999 0.9999999 -0.7071068 0 0 0.7071068  
			<Transforms>: 1 0.03333334 0 0.508 -0.04525832 0.9999999 0.9999999 0.9999999 -0.7136301 0 0 0.7005227  
			<Transforms>: 2 0.06666667 0 0.508 -0.1199324 0.9999999 0.9999999 0.9999999 -0.7245543 0 0 0.6892177  
			<Transforms>: 3 0.1 0 0.508 -0.2299782 0.9999999 0.9999999 0.9999999 -0.7393324 0 0 0.6733407  
			<Transforms>: 4 0.1333333 0 0.508 -0.3636053 0.9999999 0.9999999 0.9999999 -0.7573667 0 0 0.6529899  
			<Transforms>: 5 0.1666667 0 0.508 -0.5090228 0.9999999 0.9999999 0.9999999 -0.77714 0 0 0.6293277  
			<Transforms>: 6 0.2 0 0.508 -0.6544404 0.9999999 0.9999999 0.9999999 -0.7963617 0 0 0.6048208  
			<Transforms>: 7 0.2333333 0 0.508 -0.7880673 0.9999999 0.9999999 0.9999999 -0.8134172 0 0 0.5816808  
			<Transforms>: 8 0.2666667 0 0.508 -0.8981128 0.9999999 0.9999999 0.9999999 -0.8269261 0 0 0.5623107  
			<Transforms>: 9 0.3 0 0.508 -0.9727863 0.9999999 0.9999999 0.9999999 -0.835682 0 0 0.5492138  
			<Transforms>: 10 0.3333333 0 0.508 -1.000297 0.9999999 0.9999999 0.9999999 -0.8388959 0 0 0.5442919  
			<Transforms>: 11 0.3666667 0 0.508 -0.4572164 0.9999999 0.9999999 0.9999999 -0.775847 0 0 0.6309212  
			<Transforms>: 12 0.4 0 0.508 0.5513333 0.9999999 0.9999999 0.9999999 -0.6357864 0 0 0.771865  
			<Transforms>: 13 0.4333333 0 0.508 1.094415 0.9999999 0.9999999 0.9999999 -0.5495554 0 0 0.8354573  
			<Transforms>: 14 0.4666667 0 0.508 0.8508945 0.9999999 0.9999999 0.9999999 -0.5844033 0 0 0.8114634  
			<Transforms>: 15 0.5 0 0.508 0.315162 0.9999999 0.9999999 0.9999999 -0.6572807 0 0 0.7536458  
			<Transforms>: 16 0.5333334 0 0.508 -0.2205708 0.9999999 0.9999999 0.9999999 -0.72447 0 0 0.6893063  
			<Transforms>: 17 0.5666667 0 0.508 -0.4640901 0.9999999 0.9999999 0.9999999 -0.7529793 0 0 0.6580443  
			<Transforms>: 18 0.6000001 0 0.508 -0.3483696 0.9999999 0.9999999 0.9999999 -0.7426568 0 0 0.6696723  
			<Transforms>: 19 0.6333334 0 0.508 -0.1334665 0.9999999 0.9999999 0.9999999 -0.7193159 0 0 0.6946831  
		<AnimationSet>: 7 attack 0.6666667 30 20
			<Transforms>: 0 0 0 0.508 -0.01774672 0.9999999 0.9999999 0.9999999 -0.7071068 0 0 0.7071068  
			<Transforms>: 1 0.03333334 0 0.508 -0.04525832 0.9999999 0.9999999 0.9999999 -0.7136301 0 0 0.7005227  
			<Transforms>: 2 0.06666667 0 0.508 -0.1199324 0.9999999 0.9999999 0.9999999 -0.7245543 0 0 0.6892177  
			<Transforms>: 3 0.1 0 0.508 -0.2299782 0.9999999 0.9999999 0.9999999 -0.7393324 0 0 0.6733407  
			<Transforms>: 4 0.1333333 0 0.508 -0.3636053 0.9999999 0.9999999 0.9999999 -0.7573667 0 0 0.6529899  
			<Transforms>: 5 0.1666667 0 0.508 -0.5090228 0.9999999 0.9999999 0.9999999 -0.77714 0 0 0.6293277  
			<Transforms>: 6 0.2 0 0.508 -0.6544404 0.9999999 0.9999999 0.9999999 -0.7963617 0 0 0.6048208  
			<Transforms>: 7 0.2333333 0 0.508 -0.7880673 0.9999999 0.9999999 0.9999999 -0.8134172 0 0 0.5816808  
			<Transforms>: 8 0.2666667 0 0.508 -0.8981128 0.9999999 0.9999999 0.9999999 -0.8269261 0 0 0.5623107  
			<Transforms>: 9 0.3 0 0.508 -0.9727863 0.9999999 0.9999999 0.9999999 -0.835682 0 0 0.5492138  
			<Transforms>: 10 0.3333333 0 0.508 -1.000297 0.9999999 0.9999999 0.9999999 -0.8388959 0 0 0.5442919  
			<Transforms>: 11 0.3666667 0 0.508 -0.4572164 0.9999999 0.9999999 0.9999999 -0.775847 0 0 0.6309212  
			<Transforms>: 12 0.4 0 0.508 0.5513333 0.9999999 0.9999999 0.9999999 -0.6357864 0 0 0.771865  
			<Transforms>: 13 0.4333333 0 0.508 1.094415 0.9999999 0.9999999 0.9999999 -0.5495554 0 0 0.8354573  
			<Transforms>: 14 0.4666667 0 0.508 0.8508945 0.9999999 0.9999999 0.9999999 -0.5844033 0 0 0.8114634  
			<Transforms>: 15 0.5 0 0.508 0.315162 0.9999999 0.9999999 0.9999999 -0.6572807 0 0 0.7536458  
			<Transforms>: 16 0.5333334 0 0.508 -0.2205708 0.9999999 0.9999999 0.9999999 -0.72447 0 0 0.6893063  
			<Transforms>: 17 0.5666667 0 0.508 -0.4640901 0.9999999 0.9999999 0.9999999 -0.7529793 0 0 0.6580443  
			<Transforms>: 18 0.6000001 0 0.508 -0.3483696 0.9999999 0.9999999 0.9999999 -0.7426568 0 0 0.6696723  
			<Transforms>: 19 0.6333334 0 0.508 -0.1334665 0.9999999 0.9999999 0.9999999 -0.7193159 0 0 0.6946831  
	</AnimationSets>
</Animation>
