<Hierarchy>:
	<Frame>: 0 0 Stairs_A_Rama_Mid stage3
		<Mesh>: 24 Stairs_A_Rama_Mid
			<Bounds>: -2.816319E-06 2 0.2707071 0.1649795 2 0.2000004
			<Positions>: 24 -0.1649821 4 0.07070686 -0.1649817 4 0.4707069 0.1649767 4 0.4707068 0.1649763 4 0.0707067 -0.1649818 -7.629394E-08 0.4707075 -0.1649817 4 0.4707069 -0.1649821 4 0.07070686 -0.1649823 -1.144409E-07 0.07070739 -0.1649823 -1.144409E-07 0.07070739 -0.1649821 4 0.07070686 0.1649763 4 0.0707067 0.1649762 -1.525879E-07 0.07070724 0.1649765 -1.144409E-07 0.4707073 0.1649767 4 0.4707068 -0.1649817 4 0.4707069 -0.1649818 -7.629394E-08 0.4707075 0.1649767 4 0.4707068 0.1649765 -1.144409E-07 0.4707073 0.1649762 -1.525879E-07 0.07070724 0.1649763 4 0.0707067 0.1649762 -1.525879E-07 0.07070724 0.1649765 -1.144409E-07 0.4707073 -0.1649818 -7.629394E-08 0.4707075 -0.1649823 -1.144409E-07 0.07070739  
			<TextureCoords0>: 24 0.1097339 0.5636392 0.1097339 0.5927536 0.08571738 0.5927536 0.08571739 0.5636392 0.1388485 0.2724944 0.1388483 0.5636392 0.1097339 0.5636392 0.1097339 0.2724944 0.1097339 0.2724944 0.1097339 0.5636392 0.08571739 0.5636392 0.08571757 0.2724943 0.1628648 0.2724944 0.1628647 0.5636392 0.1388483 0.5636392 0.1388485 0.2724944 0.05660294 0.5636392 0.05660307 0.2724943 0.08571757 0.2724943 0.08571739 0.5636392 0.08571757 0.2724943 0.08571755 0.2433799 0.1097339 0.2433799 0.1097339 0.2724944  
			<TextureCoords1>: 24 0.9162499 0.8475773 0.9995 0.8475773 0.9995 0.9162501 0.9162499 0.9162501 0.08375 0.764327 0.9162501 0.7643275 0.9162499 0.8475773 0.08375 0.8475773 0.08375 0.8475773 0.9162499 0.8475773 0.9162499 0.9162501 0.08374984 0.9162496 0.08375 0.6956545 0.9162501 0.695655 0.9162501 0.7643275 0.08375 0.764327 0.9162499 0.9995 0.08374984 0.9994997 0.08374984 0.9162496 0.9162499 0.9162501 0.08374984 0.9162496 0.0005 0.9162496 0.0005 0.8475773 0.08375 0.8475773  
			<Normals>: 24 0 1 0 0 1 0 0 1 0 0 1 0 -1 0 1.144409E-06 -1 0 1.144409E-06 -1 0 1.144409E-06 -1 0 1.144409E-06 -4.624457E-07 -1.335144E-07 -1 -4.624457E-07 -1.335144E-07 -1 -4.624457E-07 -1.335144E-07 -1 -4.624457E-07 -1.335144E-07 -1 4.624459E-07 1.335144E-07 1 4.624459E-07 1.335144E-07 1 4.624459E-07 1.335144E-07 1 4.624459E-07 1.335144E-07 1 1 0 -7.629393E-07 1 0 -7.629393E-07 1 0 -7.629393E-07 1 0 -7.629393E-07 -1.156114E-07 -1 0 -1.156114E-07 -1 0 -1.156114E-07 -1 0 -1.156114E-07 -1 0  
			<SubMeshes>: 1
				<SubMesh>:  36 0 1 2 0 2 3 4 5 6 4 6 7 8 9 10 8 10 11 12 13 14 12 14 15 16 17 18 16 18 19 20 21 22 20 22 23  
		</Mesh>
		<Children>: 0
	</Frame>
</Hierarchy>
