<Hierarchy>:
	<Frame>: 0 0 Stairs_A_TrapConnector stage3
		<Mesh>: 60 Stairs_A_TrapConnector
			<Bounds>: 0.1675116 -0.075 -6.854534E-06 0.2675128 0.125 2.000002
			<Positions>: 60 -1.220703E-06 -0.2 1.999995 -1.220703E-06 0 1.999995 -9.155273E-07 0 -2.000009 -9.155273E-07 -0.2 -2.000009 0.3350244 0 -2.000009 0.3350241 0 1.999995 0.3350241 -0.2 1.999995 0.3350244 -0.2 -2.000009 -9.155273E-07 -0.2 -2.000009 0.3350244 -0.2 -2.000009 0.3350241 -0.2 1.999995 -1.220703E-06 -0.2 1.999995 -9.155273E-07 0 -2.000009 0.3350244 -0.2 -2.000009 -9.155273E-07 -0.2 -2.000009 0.3350244 0 -2.000009 0.3350244 0.05 -2.000009 0.4350244 0 -2.000009 0.4350244 0.01129608 -2.000009 -9.155273E-07 0.05 -2.000009 -0.1000009 0.01129608 -2.000009 -0.1000009 0 -2.000009 -1.220703E-06 0.05 1.999995 0.3350241 0.05 1.999995 0.3350244 0.05 -2.000009 -9.155273E-07 0.05 -2.000009 -1.220703E-06 -0.2 1.999995 0.3350241 -0.2 1.999995 0.3350241 0 1.999995 -1.220703E-06 0 1.999995 -1.220703E-06 0.05 1.999995 -0.1000012 0 1.999995 -0.1000012 0.01129608 1.999995 0.3350241 0.05 1.999995 0.4350241 0.01129608 1.999995 0.4350241 0 1.999995 -0.1000012 0 1.999995 -0.1000012 0.01129608 1.999995 -0.1000009 0.01129608 -2.000009 -0.1000009 0 -2.000009 0.4350244 0 -2.000009 0.4350244 0.01129608 -2.000009 0.4350241 0.01129608 1.999995 0.4350241 0 1.999995 -1.220703E-06 0 1.999995 -0.1000012 0 1.999995 -0.1000009 0 -2.000009 -9.155273E-07 0 -2.000009 -9.155273E-07 0.05 -2.000009 -0.1000009 0.01129608 -2.000009 -0.1000012 0.01129608 1.999995 -1.220703E-06 0.05 1.999995 0.3350244 0 -2.000009 0.4350244 0 -2.000009 0.4350241 0 1.999995 0.3350241 0 1.999995 0.3350241 0.05 1.999995 0.4350241 0.01129608 1.999995 0.4350244 0.01129608 -2.000009 0.3350244 0.05 -2.000009  
			<TextureCoords0>: 60 0.2487875 0.5744718 0.2341619 0.5744718 0.2341619 0.2819609 0.2487874 0.2819609 0.1787591 0.281961 0.1787592 0.5744718 0.1641336 0.5744718 0.1641336 0.281961 0.2487874 0.2819609 0.273287 0.281961 0.273287 0.5744718 0.2487875 0.5744718 0.2187103 0.2783046 0.1942107 0.2636791 0.2187103 0.2636791 0.1942107 0.2783046 0.1942107 0.281961 0.1868979 0.2783046 0.1868979 0.2791306 0.2187103 0.281961 0.226023 0.2791306 0.226023 0.2783046 0.2187103 0.5744718 0.1942107 0.5744718 0.1942107 0.281961 0.2187103 0.281961 0.2187103 0.5927537 0.1942107 0.5927537 0.1942107 0.5781281 0.2187103 0.5781281 0.2187103 0.5744718 0.2260231 0.5781281 0.2260231 0.5773021 0.1942107 0.5744718 0.186898 0.5773021 0.186898 0.5781281 0.2268492 0.5744718 0.2260231 0.5744718 0.2260231 0.281961 0.2268491 0.281961 0.1860719 0.281961 0.1868979 0.281961 0.186898 0.5744718 0.1860719 0.5744718 0.2341619 0.5744718 0.2268492 0.5744718 0.2268491 0.281961 0.2341619 0.2819609 0.2187103 0.281961 0.2260231 0.281961 0.2260231 0.5744718 0.2187103 0.5744718 0.1787591 0.281961 0.1860719 0.281961 0.1860719 0.5744718 0.1787592 0.5744718 0.1942107 0.5744718 0.186898 0.5744718 0.1868979 0.281961 0.1942107 0.281961  
			<TextureCoords1>: 60 0.2574911 0.9440001 0.2130911 0.9440001 0.2130909 0.0559997 0.2574909 0.0559997 0.04489999 0.05600005 0.04490022 0.9440001 0.000500181 0.9440001 0.0005 0.05600005 0.2574909 0.0559997 0.3318665 0.05600005 0.3318665 0.9440001 0.2574911 0.9440001 0.1661833 0.0449 0.09180763 0.0005000234 0.1661833 0.0005000234 0.09180763 0.0449 0.09180763 0.05600005 0.0696077 0.0449 0.0696077 0.04740739 0.1661833 0.05600005 0.1883831 0.04740739 0.1883831 0.0449 0.1661833 0.9440001 0.09180781 0.9440001 0.09180763 0.05600005 0.1661833 0.05600005 0.1661833 0.9995 0.09180781 0.9995 0.09180781 0.9550999 0.1661833 0.9550999 0.1661833 0.9440001 0.1883834 0.9550999 0.1883834 0.9525923 0.09180781 0.9440001 0.06960783 0.9525923 0.06960783 0.9550999 0.1908911 0.9440001 0.1883834 0.9440001 0.1883832 0.05600005 0.1908909 0.05600005 0.06709996 0.05600005 0.0696077 0.05600005 0.06960783 0.9440001 0.06710005 0.9440001 0.2130911 0.9440001 0.1908911 0.9440001 0.1908909 0.05600005 0.2130909 0.0559997 0.1661833 0.05600005 0.1883832 0.05600005 0.1883834 0.9440001 0.1661833 0.9440001 0.04489999 0.05600005 0.06709996 0.05600005 0.06710005 0.9440001 0.04490022 0.9440001 0.09180781 0.9440001 0.06960783 0.9440001 0.0696077 0.05600005 0.09180763 0.05600005  
			<Normals>: 60 -1 0 0 -1 0 0 -1 0 0 -1 0 0 1 0 0 1 0 0 1 0 0 1 0 0 0 -1 0 0 -1 0 0 -1 0 0 -1 0 0 0 -1 0 0 -1 0 0 -1 0 0 -1 0 0 -1 0 0 -1 0 0 -1 0 0 -1 0 0 -1 0 0 -1 0 1 0 0 1 0 0 1 0 0 1 0 0 0 1 0 0 1 0 0 1 0 0 1 0 0 1 0 0 1 0 0 1 0 0 1 0 0 1 0 0 1 -1 0 0 -1 0 0 -1 0 0 -1 0 0 1 0 0 1 0 0 1 0 0 1 0 0 0 -1 0 0 -1 0 0 -1 0 0 -1 0 -0.3609474 0.9325862 0 -0.3609474 0.9325862 0 -0.3609474 0.9325862 0 -0.3609474 0.9325862 0 0 -1 0 0 -1 0 0 -1 0 0 -1 0 0.3609474 0.9325862 0 0.3609474 0.9325862 0 0.3609474 0.9325862 0 0.3609474 0.9325862 0  
			<SubMeshes>: 1
				<SubMesh>:  108 0 1 2 0 2 3 4 5 6 4 6 7 8 9 10 8 10 11 12 13 14 12 15 13 12 16 15 16 17 15 16 18 17 12 19 16 12 20 19 12 21 20 22 23 24 22 24 25 26 27 28 26 28 29 28 30 29 30 31 29 30 32 31 28 33 30 28 34 33 28 35 34 36 37 38 36 38 39 40 41 42 40 42 43 44 45 46 44 46 47 48 49 50 48 50 51 52 53 54 52 54 55 56 57 58 56 58 59  
		</Mesh>
		<Children>: 0
	</Frame>
</Hierarchy>
