<Hierarchy>:
	<Frame>: 0 0 Sup_Floor_O_4x2m_Block_2m stage3
		<Mesh>: 48 Sup_Floor_O_4x2m_Block_2m
			<Bounds>: 0 1 0 2 1 0.5
			<Positions>: 48 2 -2.755455E-17 0.45 -2 -2.755455E-17 0.45 -2 2.755455E-17 -0.45 2 2.755455E-17 -0.45 2 2 0.45 2 2 -0.45 -2 2 -0.45 -2 2 0.45 2 0.05 0.5 2 1.95 0.5 -2 1.95 0.5 -2 0.05 0.5 -2 0.05 -0.5 -2 1.95 -0.5 2 1.95 -0.5 2 0.05 -0.5 2 2.755455E-17 -0.45 -2 2.755455E-17 -0.45 -2 0.05 -0.5 2 0.05 -0.5 -2 -2.755455E-17 0.45 2 -2.755455E-17 0.45 2 0.05 0.5 -2 0.05 0.5 2 2 0.45 -2 2 0.45 -2 1.95 0.5 2 1.95 0.5 -2 2 -0.45 2 2 -0.45 2 1.95 -0.5 -2 1.95 -0.5 -2 2 -0.45 -2 1.95 0.5 -2 2 0.45 -2 1.95 -0.5 -2 0.05 -0.5 -2 0.05 0.5 -2 -2.755455E-17 0.45 -2 2.755455E-17 -0.45 2 2 0.45 2 1.95 -0.5 2 2 -0.45 2 1.95 0.5 2 0.05 0.5 2 0.05 -0.5 2 2.755455E-17 -0.45 2 -2.755455E-17 0.45  
			<TextureCoords0>: 48 0.431952 0.4947966 0.431952 0.7881671 0.3659439 0.7881672 0.3659439 0.4947966 0.1502182 0.494797 0.216226 0.494797 0.216226 0.788168 0.1502182 0.788168 0.005685518 0.4947967 0.1450348 0.4947969 0.1450348 0.7881673 0.005685518 0.7881672 0.3607586 0.7881672 0.2214089 0.7881673 0.2214089 0.4947969 0.3607586 0.4947967 0.3659439 0.4947966 0.3659439 0.7881672 0.3607586 0.7881672 0.3607586 0.4947967 0.0005 0.7881672 0.0005 0.4947967 0.005685518 0.4947967 0.005685518 0.7881672 0.1502182 0.494797 0.1502182 0.788168 0.1450348 0.7881673 0.1450348 0.4947969 0.216226 0.788168 0.216226 0.494797 0.2214089 0.4947969 0.2214089 0.7881673 0.216226 0.788168 0.1465519 0.7918366 0.1502182 0.788168 0.2198945 0.7918366 0.2198961 0.9311886 0.1465535 0.9311886 0.1502211 0.9348563 0.216226 0.9348563 0.1502182 0.494797 0.2198945 0.4911295 0.216226 0.494797 0.1465518 0.4911295 0.1465533 0.3517781 0.219896 0.3517781 0.216226 0.3481108 0.150221 0.3481108  
			<TextureCoords1>: 48 0.0005 0.0004999638 0.679781 0.0004999638 0.6797812 0.1533374 0.0005000811 0.1533374 0.0005008511 0.652837 0.0005008511 0.4999999 0.6797831 0.4999999 0.6797831 0.6528368 0.0005002026 0.9874932 0.0005006079 0.6648387 0.6797816 0.6648386 0.6797813 0.9874932 0.6797812 0.1653437 0.6797816 0.4879992 0.0005007295 0.4879993 0.0005001621 0.1653437 0.0005000811 0.1533374 0.6797812 0.1533374 0.6797812 0.1653437 0.0005001621 0.1653437 0.6797813 0.9995 0.0005002026 0.9995 0.0005002026 0.9874932 0.6797813 0.9874932 0.0005008511 0.652837 0.6797831 0.6528368 0.6797816 0.6648386 0.0005006079 0.6648387 0.6797831 0.4999999 0.0005008511 0.4999999 0.0005007295 0.4879993 0.6797816 0.4879992 0.8439903 0.6598555 0.6826657 0.66835 0.6911548 0.6598555 0.8524844 0.66835 0.8524882 0.9910077 0.6826694 0.9910077 0.6911615 0.9995 0.8439904 0.9995 0.6911548 0.6472707 0.8524852 0.6387788 0.8439911 0.6472707 0.6826657 0.6387788 0.6826693 0.3161211 0.8524887 0.3161211 0.8439911 0.3076296 0.6911614 0.3076296  
			<Normals>: 48 0 -1 0 0 -1 0 0 -1 0 0 -1 0 0 1 0 0 1 0 0 1 0 0 1 0 0 0 1 0 0 1 0 0 1 0 0 1 0 0 -1 0 0 -1 0 0 -1 0 0 -1 0 -0.7071068 -0.7071068 0 -0.7071068 -0.7071068 0 -0.7071068 -0.7071068 0 -0.7071068 -0.7071068 0 -0.7071068 0.7071068 0 -0.7071068 0.7071068 0 -0.7071068 0.7071068 0 -0.7071068 0.7071068 0 0.7071068 0.7071068 0 0.7071068 0.7071068 0 0.7071068 0.7071068 0 0.7071068 0.7071068 0 0.7071068 -0.7071068 0 0.7071068 -0.7071068 0 0.7071068 -0.7071068 0 0.7071068 -0.7071068 -1 0 0 -1 0 0 -1 0 0 -1 0 0 -1 0 0 -1 0 0 -1 0 0 -1 0 0 1 0 0 1 0 0 1 0 0 1 0 0 1 0 0 1 0 0 1 0 0 1 0 0  
			<SubMeshes>: 1
				<SubMesh>:  84 0 1 2 0 2 3 4 5 6 4 6 7 8 9 10 8 10 11 12 13 14 12 14 15 16 17 18 16 18 19 20 21 22 20 22 23 24 25 26 24 26 27 28 29 30 28 30 31 32 33 34 32 35 33 36 33 35 36 37 33 38 37 36 38 36 39 40 41 42 40 43 41 44 41 43 44 45 41 46 45 44 46 44 47  
		</Mesh>
		<Children>: 0
	</Frame>
</Hierarchy>
