<Hierarchy>:
	<Frame>: 0 0 Wall_Line_2m_D stage2
		<Mesh>: 24 Wall_Line_2m_D
			<Bounds>: -5.960464E-08 0.5000001 1.490116E-08 1 0.5000001 0.25
			<Positions>: 24 1 1.530808E-17 -0.25 1 -1.530808E-17 0.25 -1 -1.530808E-17 0.25 -1 1.530808E-17 -0.25 -1 1.530808E-17 -0.25 -1 -1.530808E-17 0.25 -1 1 0.25 -1 1 -0.25 1 1.530808E-17 -0.25 1 1 -0.25 1 1 0.25 1 -1.530808E-17 0.25 1 -1.530808E-17 0.25 1 1 0.25 -1 1 0.25 -1 -1.530808E-17 0.25 -1 1.530808E-17 -0.25 -1 1 -0.25 1 1 -0.25 1 1.530808E-17 -0.25 1 1 -0.25 -1 1 -0.25 -1 1 0.25 1 1 0.25  
			<TextureCoords0>: 24 0.6715481 0.4974566 0.6715481 0.4582593 0.828337 0.4582593 0.828337 0.4974566 0.9984789 0.0009526014 0.9984789 0.04014981 0.9200844 0.04014981 0.9200844 0.0009526014 0.5312306 0.273774 0.452836 0.273774 0.452836 0.2345768 0.5312306 0.2345768 0.6715481 0.5769883 0.6715481 0.4985938 0.828337 0.4985938 0.828337 0.5769883 0.8405527 0.2091545 0.8405527 0.13076 0.9973416 0.13076 0.9973416 0.2091545 0.8405527 0.09042573 0.9973416 0.09042573 0.9973416 0.1296229 0.8405527 0.129623  
			<TextureCoords1>: 24 0.6627933 0.0004999638 0.6627933 0.1660734 0.0005 0.1660734 0.0005 0.0004999638 0.8372009 0.8328147 0.6716277 0.8328147 0.6716277 0.501668 0.8372009 0.501668 0.9983883 0.9995 0.6672412 0.9995 0.6672412 0.8339267 0.9983883 0.8339267 0.6627936 0.1682973 0.6627936 0.499444 0.0005 0.4994441 0.0005 0.1682973 0.0005 0.9995 0.0005 0.668353 0.6627936 0.6683527 0.6627936 0.9995 0.6627936 0.6661294 0.0005 0.6661294 0.0005 0.5005561 0.6627936 0.5005558  
			<Normals>: 24 0 -1 0 0 -1 0 0 -1 0 0 -1 0 -1 1.525879E-07 0 -1 1.525878E-07 0 -1 1.525879E-07 0 -1 1.525878E-07 0 1 0 0 1 0 0 1 0 0 1 0 0 0 0 1 0 0 1 0 0 1 0 0 1 0 0 -1 0 0 -1 0 0 -1 0 0 -1 0 1 0 0 1 0 0 1 0 0 1 0  
			<SubMeshes>: 1
				<SubMesh>:  36 0 1 2 0 2 3 4 5 6 4 6 7 8 9 10 8 10 11 12 13 14 12 14 15 16 17 18 16 18 19 20 21 22 20 22 23  
		</Mesh>
		<Children>: 0
	</Frame>
</Hierarchy>
