<Hierarchy>:
	<Frame>: 0 0 Wall_Turn_L_Out_ะก stage2
		<Mesh>: 36 Wall_Turn_L_Out_ะก
			<Bounds>: -0.8749999 1 -0.875 1.125 1 1.125
			<Positions>: 36 -0.25 1.530809E-17 -0.25 -2 -1.530808E-17 0.25 -2 1.530808E-17 -0.25 0.25 -1.530809E-17 0.25 0.2500003 1.224647E-16 -2 -0.2499998 1.224647E-16 -2 0.25 -1.530809E-17 0.25 0.2500003 1.224647E-16 -2 0.2500001 2 -2 0.25 2 0.2500001 0.2500003 1.224647E-16 -2 -0.2499998 1.224647E-16 -2 -0.2499999 2 -2 0.2500001 2 -2 0.25 -1.530809E-17 0.25 0.25 2 0.2500001 -2 2 0.25 -2 -1.530808E-17 0.25 -2 -1.530808E-17 0.25 -2 2 0.25 -2 2 -0.25 -2 1.530808E-17 -0.25 -2 1.530808E-17 -0.25 -2 2 -0.25 -0.25 2 -0.25 -0.25 1.530809E-17 -0.25 -0.25 1.530809E-17 -0.25 -0.25 2 -0.25 -0.2499999 2 -2 -0.2499998 1.224647E-16 -2 -0.25 2 -0.25 -2 2 -0.25 -2 2 0.25 0.25 2 0.2500001 0.2500001 2 -2 -0.2499999 2 -2  
			<TextureCoords0>: 36 0.8236506 0.7678659 0.8628479 0.9050562 0.8236506 0.9050562 0.8628479 0.7286686 0.6864603 0.7286686 0.6864603 0.7678659 0.6516651 0.9497927 0.6516651 0.7734051 0.808454 0.7734051 0.808454 0.9497927 0.9973416 0.537791 0.9973416 0.5769883 0.8405527 0.5769883 0.8405527 0.537791 0.1622597 0.1793302 0.005470725 0.1793302 0.005470725 0.002942562 0.1622597 0.002942562 0.5002692 0.04014981 0.3434801 0.04014981 0.3434801 0.0009526014 0.5002692 0.0009526014 0.9973416 0.3483349 0.8405527 0.3483349 0.8405527 0.2111445 0.9973416 0.2111445 0.9973416 0.5322517 0.8405527 0.5322518 0.8405527 0.3950614 0.9973416 0.3950613 0.08940455 0.5129374 0.2265949 0.5129374 0.2265949 0.5521346 0.05020726 0.5521346 0.05020726 0.375747 0.08940455 0.375747  
			<TextureCoords1>: 36 0.8946365 0.7951548 0.5478121 0.8942477 0.547812 0.7951549 0.9937292 0.8942475 0.9937291 0.4483304 0.8946365 0.4483305 0.0005 0.5469151 0.0005 0.1009979 0.3968707 0.1009979 0.3968707 0.5469151 0.396871 0.0004999638 0.396871 0.09959269 0.0005 0.09959269 0.0005 0.0004999638 0.3968707 0.9942374 0.0005 0.9942374 0.0005 0.5483201 0.3968707 0.5483201 0.4995514 0.008453429 0.4995514 0.4048244 0.4004588 0.4048244 0.4004588 0.008453429 0.8788487 0.3926247 0.8788487 0.7889954 0.5320242 0.7889954 0.5320242 0.3926247 0.9020818 0.3521981 0.5057112 0.3521982 0.5057112 0.005373716 0.9020818 0.005373538 0.4995515 0.9004073 0.8463759 0.9004073 0.8463759 0.9995 0.4004588 0.9995 0.4004588 0.5535827 0.4995515 0.5535827  
			<Normals>: 36 0 -1 0 0 -1 0 0 -1 0 0 -1 0 0 -1 0 0 -1 0 1 0 1.017253E-07 1 0 1.017253E-07 1 0 1.017253E-07 1 0 1.017253E-07 0 0 -1 0 0 -1 0 0 -1 0 0 -1 0 0 1 0 0 1 0 0 1 0 0 1 -1 0 0 -1 0 0 -1 0 0 -1 0 0 0 0 -1 0 0 -1 0 0 -1 0 0 -1 -1 0 0 -1 0 0 -1 0 0 -1 0 0 0 1 0 0 1 0 0 1 0 0 1 0 0 1 0 0 1 0  
			<SubMeshes>: 1
				<SubMesh>:  60 0 1 2 0 3 1 0 4 3 0 5 4 6 7 8 6 8 9 10 11 12 10 12 13 14 15 16 14 16 17 18 19 20 18 20 21 22 23 24 22 24 25 26 27 28 26 28 29 30 31 32 30 32 33 30 33 34 30 34 35  
		</Mesh>
		<Children>: 0
	</Frame>
</Hierarchy>
