<Hierarchy>:
	<Frame>: 0 0 Wall_Turn_L_In_ะก null
		<Mesh>: 36 Wall_Turn_L_In_ะก
			<Bounds>: -0.875 1 0.875 1.125 1 1.125
			<Positions>: 36 -2 1.530808E-17 -0.25 -0.25 -1.530808E-17 0.25 -2 -1.530808E-17 0.25 0.25 1.530808E-17 -0.25 0.2499995 -1.224647E-16 2 -0.2500004 -1.224647E-16 2 -0.25 -1.530808E-17 0.25 -0.2500004 -1.224647E-16 2 -0.2500002 2 2 -0.25 2 0.25 -0.2500004 -1.224647E-16 2 0.2499995 -1.224647E-16 2 0.2499998 2 2 -0.2500002 2 2 -0.25 -1.530808E-17 0.25 -0.25 2 0.25 -2 2 0.25 -2 -1.530808E-17 0.25 -2 -1.530808E-17 0.25 -2 2 0.25 -2 2 -0.25 -2 1.530808E-17 -0.25 -2 1.530808E-17 -0.25 -2 2 -0.25 0.25 2 -0.2499999 0.25 1.530808E-17 -0.25 0.25 1.530808E-17 -0.25 0.25 2 -0.2499999 0.2499998 2 2 0.2499995 -1.224647E-16 2 -2 2 -0.25 -2 2 0.25 -0.25 2 0.25 0.25 2 -0.2499999 0.2499998 2 2 -0.2500002 2 2  
			<TextureCoords0>: 36 0.2490363 0.2340082 0.2881608 0.09707236 0.2881608 0.2340082 0.2490363 0.05794787 0.4250966 0.05794787 0.4250966 0.09707236 0.4428946 0.05249619 0.5896115 0.05249608 0.5896116 0.199213 0.4428946 0.1992131 0.8286695 0.2303023 0.8286695 0.273774 0.6765187 0.273774 0.6765187 0.2303023 0.2937729 0.2588618 0.2937728 0.1121448 0.4404898 0.1121447 0.4404899 0.2588617 0.8286697 0.3185105 0.6765187 0.3185105 0.6765187 0.2750388 0.8286697 0.2750388 0.4641207 0.8702611 0.3186265 0.8702611 0.3186265 0.6831971 0.4641207 0.683197 0.6132426 0.8702611 0.4677482 0.8702611 0.4677482 0.6831971 0.6132426 0.6831971 0.07009016 0.2340082 0.07009016 0.1948837 0.2070259 0.1948836 0.2461504 0.2340082 0.2461504 0.05794787 0.2070259 0.05794787  
			<TextureCoords1>: 36 0.3841253 0.4591827 0.485717 0.1036116 0.485717 0.4591827 0.3841252 0.002019882 0.8412881 0.002019882 0.8412881 0.1036116 0.4921886 0.1268424 0.8731577 0.1268421 0.8731579 0.5078111 0.4921887 0.5078114 0.9995 0.5942621 0.8866203 0.5942621 0.8866203 0.1991833 0.9995 0.1991833 0.4921889 0.8914366 0.4921886 0.5104675 0.8731577 0.5104672 0.8731579 0.8914364 0.9995 0.5990177 0.9995 0.9940968 0.8866203 0.9940968 0.8866203 0.5990177 0.3782943 0.9940968 0.0005000774 0.9940968 0.0005 0.5083615 0.3782942 0.5083613 0.3782944 0.5024081 0.0005 0.5024081 0.0005 0.01667267 0.3782944 0.01667267 0.3841252 0.5423374 0.4857169 0.5423373 0.4857171 0.8979083 0.3841253 0.9995 0.8412881 0.9994998 0.8412881 0.8979082  
			<Normals>: 36 0 -1 0 0 -1 0 0 -1 0 0 -1 0 0 -1 0 0 -1 0 -1 0 -1.907349E-07 -1 0 -1.907349E-07 -1 0 -1.907349E-07 -1 0 -1.907349E-07 0 0 1 0 0 1 0 0 1 0 0 1 0 0 1 0 0 1 0 0 1 0 0 1 -1 0 0 -1 0 0 -1 0 0 -1 0 0 0 0 -1 0 0 -1 0 0 -1 0 0 -1 1 0 1.568264E-07 1 0 1.568264E-07 1 0 1.568264E-07 1 0 1.568264E-07 0 1 0 0 1 0 0 1 0 0 1 0 0 1 0 0 1 0  
			<SubMeshes>: 1
				<SubMesh>:  60 0 1 2 0 3 1 1 3 4 1 4 5 6 7 8 6 8 9 10 11 12 10 12 13 14 15 16 14 16 17 18 19 20 18 20 21 22 23 24 22 24 25 26 27 28 26 28 29 30 31 32 30 32 33 34 33 32 34 32 35  
		</Mesh>
		<Children>: 0
	</Frame>
</Hierarchy>
