<Hierarchy>:
	<Frame>: 0 0 Wall_Line_4m_ะก stage2
		<Mesh>: 24 Wall_Line_4m_ะก
			<Bounds>: 0 1 2.980232E-08 2 1 0.25
			<Positions>: 24 2 -1.530808E-17 0.25 -2 -1.530808E-17 0.25 -2 1.530808E-17 -0.25 2 1.530808E-17 -0.25 -2 2 0.2500001 -2 -1.530808E-17 0.25 2 -1.530808E-17 0.25 2 2 0.2500001 -2 2 0.2500001 -2 2 -0.2499999 -2 1.530808E-17 -0.25 -2 -1.530808E-17 0.25 2 2 -0.2499999 2 1.530808E-17 -0.25 -2 1.530808E-17 -0.25 -2 2 -0.2499999 2 2 -0.2499999 2 2 0.2500001 2 -1.530808E-17 0.25 2 1.530808E-17 -0.25 2 2 -0.2499999 -2 2 -0.2499999 -2 2 0.2500001 2 2 0.2500001  
			<TextureCoords0>: 24 0.0005 0.5571054 0.0005 0.2435274 0.03969724 0.2435274 0.03969724 0.5571054 0.1595632 0.5566832 0.3163522 0.5566832 0.3163522 0.8702611 0.1595632 0.8702611 0.9973416 0.3538742 0.9973416 0.3930714 0.8405527 0.3930714 0.8405527 0.3538742 0.0005 0.5616539 0.157289 0.5616539 0.157289 0.8752319 0.0005000091 0.8752319 0.6715481 0.4527202 0.6715481 0.4135229 0.828337 0.4135229 0.828337 0.4527202 0.005470725 0.8807711 0.3190487 0.8807711 0.3190487 0.9199684 0.005470725 0.9199684  
			<TextureCoords1>: 24 0.3995606 0.9995 0.3995606 0.209153 0.498354 0.209153 0.498354 0.9995 0.0005 0.209153 0.3956734 0.209153 0.3956734 0.9995 0.0005 0.9995 0.3956737 0.005140543 0.3956737 0.1039337 0.0005 0.1039337 0.0005 0.005140543 0.5016459 0.2091531 0.8968193 0.2091531 0.8968193 0.9995 0.5016459 0.9995 0.9995 0.9995 0.9007065 0.9995 0.9007065 0.6043267 0.9995 0.6043267 0.0005 0.1072256 0.7908468 0.1072256 0.7908468 0.206019 0.0005 0.206019  
			<Normals>: 24 0 -1 0 0 -1 0 0 -1 0 0 -1 0 0 0 1 0 0 1 0 0 1 0 0 1 -1 0 0 -1 0 0 -1 0 0 -1 0 0 0 0 -1 0 0 -1 0 0 -1 0 0 -1 1 0 0 1 0 0 1 0 0 1 0 0 0 1 0 0 1 0 0 1 0 0 1 0  
			<SubMeshes>: 1
				<SubMesh>:  36 0 1 2 0 2 3 4 5 6 4 6 7 8 9 10 8 10 11 12 13 14 12 14 15 16 17 18 16 18 19 20 21 22 20 22 23  
		</Mesh>
		<Children>: 0
	</Frame>
</Hierarchy>
