<Hierarchy>:
	<Frame>: 0 0 Wall_Line_4m_D stage2
		<Mesh>: 24 Wall_Line_4m_D
			<Bounds>: 0 0.5 1.490116E-08 2 0.5 0.25
			<Positions>: 24 2 -1.530808E-17 0.25 -2 -1.530808E-17 0.25 -2 1.530808E-17 -0.25 2 1.530808E-17 -0.25 2 -1.530808E-17 0.25 2 1 0.25 -2 1 0.25 -2 -1.530808E-17 0.25 -2 -1.530808E-17 0.25 -2 1 0.25 -2 1 -0.25 -2 1.530808E-17 -0.25 -2 1.530808E-17 -0.25 -2 1 -0.25 2 1 -0.25 2 1.530808E-17 -0.25 2 1.530808E-17 -0.25 2 1 -0.25 2 1 0.25 2 -1.530808E-17 0.25 2 1 -0.25 -2 1 -0.25 -2 1 0.25 2 1 0.25  
			<TextureCoords0>: 24 0.6471166 0.9199684 0.3335387 0.9199684 0.3335387 0.8807712 0.6471166 0.8807711 0.3235972 0.9995 0.3235972 0.9211055 0.6371753 0.9211055 0.6371753 0.9995 0.2677821 0.3383934 0.1893876 0.3383934 0.1893876 0.2991962 0.2677821 0.2991962 0.005470725 0.9995 0.005470725 0.9211055 0.3190487 0.9211055 0.3190487 0.9995 0.6361843 0.4886523 0.6361843 0.5670469 0.5969871 0.5670469 0.5969871 0.4886523 0.6417237 0.9603028 0.9553017 0.9603028 0.9553017 0.9995 0.6417237 0.9995  
			<TextureCoords1>: 24 0.9994999 0.3411424 0.0005 0.3411425 0.0005 0.2162676 0.9994999 0.2162675 0.0005 0.8642211 0.0005 0.6144712 0.9995 0.6144712 0.9995 0.8642211 0.2502501 0.2148823 0.0005 0.2148823 0.0005 0.09000742 0.2502501 0.09000742 0.9994999 0.3529317 0.9994999 0.6026818 0.0005 0.6026818 0.0005 0.3529318 0.2620393 0.09000731 0.5117893 0.09000731 0.5117893 0.2148822 0.2620393 0.2148822 0.0005 0.874625 0.9995 0.874625 0.9995 0.9995 0.0005 0.9995  
			<Normals>: 24 0 -1 0 0 -1 0 0 -1 0 0 -1 0 0 0 1 0 0 1 0 0 1 0 0 1 -1 0 0 -1 0 0 -1 0 0 -1 0 0 0 0 -1 0 0 -1 0 0 -1 0 0 -1 1 0 0 1 0 0 1 0 0 1 0 0 0 1 0 0 1 0 0 1 0 0 1 0  
			<SubMeshes>: 1
				<SubMesh>:  36 0 1 2 0 2 3 4 5 6 4 6 7 8 9 10 8 10 11 12 13 14 12 14 15 16 17 18 16 18 19 20 21 22 20 22 23  
		</Mesh>
		<Children>: 0
	</Frame>
</Hierarchy>
